R 0.862916 0.534212 0.540302 0.841471 0.862916 0.534212 0.859997 0.600045 5.19975 0.00179686 0.424269 0.42681 4.93709 0.593739 0 0
R 1.07034 0.457712 4.22201 -0.377109 0.969149 0.397513 1.37996 0.600629 5.19898 0.0107781 0.361232 0.311896 4.22527 0.623406 16.1702 0
R 1.56126 0.50125 4.32907 1.44977 1.62331 0.499091 1.89982 0.60247 5.19766 0.0269323 0.400205 0.264573 3.49093 0.788997 2.24651 0
R 2.03855 0.584126 5.00198 0.622028 1.96701 0.557117 2.41954 0.606284 5.19573 0.0502389 0.427825 0.232126 3.03953 0.870059 1.47213 0
R 2.63584 0.608923 5.23758 0.174065 2.92034 0.645898 2.93904 0.612786 5.19309 0.080668 0.443485 0.207774 2.71936 0.798468 1.82236 0
R 3.24309 0.511763 5.32298 -0.739563 3.56096 0.485311 3.45825 0.622685 5.18963 0.11818 0.440632 0.19237 2.48276 0.770115 2.6557 0
R 3.84986 0.57655 5.43629 -0.0703 4.19786 0.698311 3.97708 0.636689 5.18519 0.162724 0.428564 0.181554 2.29985 0.753284 3.15581 0
R 4.40411 0.623532 5.31992 0.213103 4.61908 0.68951 4.49542 0.655498 5.17962 0.214238 0.412995 0.170886 2.15253 0.707577 1.01354 0
R 4.94162 0.644621 5.1323 0.25756 5.20901 0.66599 5.01315 0.679804 5.1727 0.272649 0.398388 0.16165 2.02973 0.667156 1.96486 0
R 5.442 0.66626 5.27603 0.326918 5.22834 0.639362 5.53013 0.710295 5.16422 0.337868 0.385589 0.154071 1.92575 0.633011 1.25241 0
R 5.94866 0.5372 5.12584 -0.222964 5.89392 0.373584 6.04618 0.747647 5.15393 0.409793 0.37556 0.154164 1.83631 0.618523 2.45603 0
R 6.46586 0.653743 5.08154 0.211689 6.62134 0.836138 6.5611 0.792523 5.14157 0.488305 0.367321 0.157573 1.75818 0.61045 1.68234 0
R 6.98242 0.650189 4.91239 0.163175 7.29121 0.630741 7.07469 0.845578 5.12685 0.573269 0.360063 0.159453 1.68976 0.595272 2.18545 0
R 7.56811 0.711748 5.21147 0.318531 8.08349 0.819605 7.58668 0.907449 5.10946 0.664531 0.353177 0.16367 1.62888 0.5837 5.38548 0
R 8.08924 0.789052 5.00238 0.462836 8.40453 0.884557 8.0968 0.978759 5.08907 0.761915 0.344849 0.167234 1.57386 0.571093 2.55967 0
R 8.59918 1.03987 5.18358 1.0402 8.45858 1.41118 8.60472 1.06011 5.06537 0.865226 0.337093 0.166949 1.52408 0.557268 5.42422 0
R 9.19118 1.13098 5.21161 1.10906 9.8809 1.1419 9.1101 1.15208 5.03798 0.974245 0.330314 0.162387 1.47905 0.541522 5.85159 0
R 9.74392 1.32103 5.19495 1.37938 10.1016 1.52474 9.61255 1.25524 5.00656 1.08873 0.323006 0.158637 1.43806 0.528651 2.16568 0
R 10.2498 1.53785 4.91504 1.60246 10.5377 1.72555 10.1117 1.37011 4.97074 1.20841 0.315775 0.156793 1.40013 0.519864 2.94424 0
R 10.7221 1.70407 4.64776 1.68021 10.9084 1.70343 10.6069 1.49721 4.93014 1.33298 0.308809 0.157176 1.36542 0.512368 1.90575 0
R 11.244 1.75259 4.80782 1.62246 11.4783 1.42876 11.0979 1.637 4.8844 1.46213 0.302883 0.155895 1.33317 0.502535 2.44936 0
R 11.7012 1.82562 4.73213 1.56372 11.4763 1.53917 11.584 1.78992 4.83313 1.59551 0.29681 0.15253 1.30263 0.49121 1.62283 0
R 12.1872 2.0326 4.85746 1.78305 12.136 2.14937 12.0647 1.95639 4.77598 1.73273 0.291421 0.149752 1.2741 0.480696 1.02045 0
R 12.6853 2.11286 4.96035 1.74633 12.5457 1.77728 12.5394 2.13677 4.71257 1.87338 0.286547 0.146651 1.2479 0.470941 1.70426 0
R 13.191 2.38121 5.03153 2.02071 13.2198 2.6644 13.0075 2.33137 4.64258 2.01701 0.282236 0.144848 1.22457 0.462279 1.16725 0
R 13.5314 2.74802 4.51329 2.27212 12.7087 3.12439 13.4682 2.54047 4.56565 2.16317 0.276973 0.145108 1.20227 0.453655 12.2675 0
R 13.9681 2.92871 4.44722 2.3081 13.8302 2.73893 13.9208 2.7643 4.48147 2.31134 0.272787 0.144752 1.1798 0.445201 0.564415 0
R 14.459 3.09662 4.61968 2.38351 14.5568 2.87021 14.3646 3.00303 4.38974 2.46099 0.269195 0.14283 1.15895 0.437425 1.56065 0
R 14.8874 3.48426 4.56393 2.73541 14.6754 3.96041 14.7989 3.25679 4.29021 2.61157 0.265268 0.143548 1.13995 0.430591 1.90089 0
R 15.3065 3.84786 4.29779 2.9145 15.3685 4.14761 15.2228 3.52563 4.18263 2.76249 0.26153 0.147648 1.12168 0.423855 1.42377 0
R 15.7502 3.98762 4.26081 2.80056 15.7234 3.4105 15.6355 3.80957 4.06678 2.91315 0.25817 0.148806 1.10393 0.417321 2.0132 0
R 16.1659 4.25224 4.05246 2.80677 16.3376 4.21632 16.0363 4.10854 3.94251 3.0629 0.254854 0.147608 1.0871 0.412661 1.12765 0
R 16.5949 4.52189 4.05631 2.91181 16.7586 4.48231 16.4242 4.42242 3.80966 3.21109 0.251973 0.145876 1.07115 0.410049 0.398228 0
R 16.9324 4.87241 3.65339 2.93384 16.9236 5.10119 16.7983 4.75103 3.66817 3.35704 0.248782 0.144669 1.05598 0.40972 3.42286 0
R 17.3115 5.06284 3.60091 2.88564 17.3421 4.64623 17.1579 5.09409 3.51797 3.50008 0.245954 0.142753 1.04086 0.414692 0.827697 0
R 17.6744 5.23262 3.50501 2.78511 17.6463 4.74597 17.5019 5.45128 3.35907 3.63949 0.243376 0.145182 1.02662 0.428767 1.3588 0
R 17.9776 5.6207 3.29197 2.9402 17.9216 6.07151 17.8297 5.82221 3.19151 3.77458 0.24068 0.152465 1.01306 0.446968 1.23693 0
R 18.2639 6.09154 3.16569 3.265 18.1245 6.79027 18.1402 6.20641 3.01542 3.90462 0.237918 0.157573 1.00003 0.458875 2.05354 0
R 18.5299 6.54331 2.9544 3.48292 18.4022 7.02231 18.4328 6.60333 2.83093 4.0289 0.235122 0.15964 0.9876 0.464022 0.961257 0
R 18.823 6.95504 2.89817 3.70717 18.8089 7.24388 18.7064 7.01237 2.63825 4.14672 0.232578 0.160481 0.975916 0.465763 0.69287 0
R 19.0111 7.37196 2.55069 3.74686 18.5479 7.4012 18.9604 7.43283 2.43767 4.25737 0.229797 0.161354 0.964838 0.466712 3.43207 0
R 19.2756 7.73103 2.4798 3.84616 19.3089 7.67375 19.1939 7.86397 2.22949 4.36017 0.227343 0.162871 0.953965 0.468564 0.130374 0
R 19.4698 8.14426 2.33496 3.99783 19.0239 8.17194 19.4062 8.30497 2.01409 4.45445 0.224807 0.166293 0.944228 0.469624 2.19599 0
R 19.6817 8.51721 2.13137 3.97756 19.6843 8.35902 19.5966 8.75494 1.7919 4.53956 0.222453 0.171313 0.935267 0.471135 0.448984 0
R 19.8154 9.03554 1.82395 4.12651 19.6061 9.48659 19.7645 9.21294 1.56341 4.61488 0.220033 0.17736 0.926456 0.472967 1.04959 0
R 19.9074 9.53224 1.48443 4.20245 19.6163 9.76606 19.9093 9.67795 1.32916 4.67984 0.217643 0.18117 0.917316 0.473578 1.25024 0
R 19.9201 10.2628 1.11919 4.70975 19.1911 11.5493 20.0303 10.1489 1.08972 4.73389 0.21572 0.183855 0.907951 0.471415 6.76847 0
R 19.9494 10.7796 0.75844 4.74514 19.6775 10.803 20.1271 10.6247 0.845742 4.77652 0.214864 0.183049 0.898619 0.466514 1.0863 0
R 19.9311 11.446 0.404432 5.0532 19.4335 12.3402 20.1993 11.1041 0.597892 4.80727 0.215496 0.184631 0.889625 0.462423 3.11981 0
R 19.7798 12.0804 -0.223638 5.04766 19.2063 12.2418 20.2466 11.5861 0.346889 4.82575 0.220361 0.189612 0.882556 0.458916 5.07564 0
R 19.9036 12.3951 -0.0842656 4.98086 19.966 11.9688 20.2687 12.0692 0.093487 4.83159 0.226234 0.192136 0.875143 0.455144 4.64815 0
R 19.8746 12.8254 -0.367214 4.77092 20.0192 12.4823 20.2652 12.5522 -0.161529 4.82451 0.230123 0.192333 0.866936 0.451021 1.82206 0
R 20.0108 13.0857 -0.338668 4.51224 20.9151 12.2555 20.2363 13.0339 -0.417348 4.80428 0.231937 0.190602 0.858786 0.447666 4.66382 0
R 19.9567 13.5412 -0.54892 4.52763 19.858 13.5236 20.1818 13.5129 -0.673135 4.77072 0.231611 0.189713 0.851113 0.444917 0.181178 0
R 19.9543 13.8928 -0.684747 4.33499 20.3387 13.5307 20.1017 13.9878 -0.928043 4.72374 0.230625 0.189258 0.844001 0.442912 1.06323 0
R 19.84 14.346 -0.930611 4.31093 19.6717 14.4038 19.9962 14.4573 -1.18121 4.66331 0.229219 0.190434 0.837497 0.441515 0.196953 0
R 19.8314 14.6335 -0.980969 4.1375 20.1149 14.0165 19.8655 14.9202 -1.43177 4.58944 0.227392 0.193355 0.831938 0.440669 1.28743 0
R 19.6679 15.058 -1.31216 3.82339 20.0157 15.3443 19.7099 15.3749 -1.67887 4.50226 0.225488 0.199738 0.827161 0.443016 11.0645 0
R 19.5996 15.3594 -1.41371 3.67904 19.9388 15.0864 19.5298 15.8203 -1.92164 4.40193 0.2237 0.208561 0.822684 0.448032 0.523881 0
R 19.4152 15.7761 -1.63426 3.69896 19.1556 16.0022 19.3257 16.2549 -2.15925 4.28868 0.222513 0.220302 0.819211 0.451666 0.671622 0
R 19.2339 16.1595 -1.8564 3.59374 19.4007 16.2962 19.0981 16.6777 -2.39087 4.16284 0.221768 0.23208 0.815978 0.453432 0.82911 0
R 18.8598 16.7243 -2.40597 3.53908 18.8373 17.7112 18.8477 17.0872 -2.61571 4.02476 0.221193 0.241431 0.811677 0.454109 11.3122 0
R 18.7571 16.9969 -2.30728 3.41073 18.8177 17.0316 18.5752 17.4822 -2.83299 3.87489 0.22041 0.24848 0.807072 0.453873 3.96445 0
R 18.5045 17.3605 -2.47748 3.35232 18.2749 17.4877 18.2814 17.8617 -3.042 3.71372 0.221453 0.257531 0.804233 0.452725 0.734132 0
R 18.2198 17.6596 -2.70941 3.1258 18.3021 17.498 17.9671 18.2246 -3.24204 3.5418 0.223328 0.267142 0.801518 0.451361 1.60387 0
R 18.0665 17.9447 -2.7372 2.97535 18.8558 18.1364 17.6334 18.5697 -3.43247 3.35973 0.227726 0.278188 0.799599 0.450073 6.3308 0
R 17.7664 18.2132 -2.93525 2.77644 17.7945 18.0801 17.281 18.8962 -3.61271 3.16817 0.235782 0.290482 0.798661 0.44868 0.643625 0
R 17.3396 18.6781 -3.27971 2.79501 16.9398 19.7311 16.9113 19.203 -3.78221 2.9678 0.243735 0.300565 0.796632 0.446321 5.37296 0
R 16.8012 19.1668 -3.75377 2.7823 16.1674 20.2201 16.5251 19.4894 -3.9405 2.75938 0.248754 0.305029 0.792554 0.443119 5.06959 0
R 16.4597 19.2601 -3.8492 2.37004 16.4366 18.2742 16.1237 19.7545 -4.08716 2.54364 0.251818 0.308151 0.78744 0.440324 8.75525 0
R 16.1686 19.4326 -3.74791 2.12672 16.2328 19.2166 15.7082 19.9978 -4.22185 2.32141 0.257063 0.313953 0.783309 0.437549 1.91306 0
R 15.5162 19.933 -4.20028 2.17803 14.3677 21.3406 15.2799 20.2185 -4.34427 2.09347 0.262101 0.317742 0.779227 0.43461 9.44711 0
R 15.0489 20.128 -4.35253 1.93178 14.7476 19.9571 14.84 20.4162 -4.4542 1.86068 0.263576 0.318077 0.774095 0.431981 1.29964 0
R 14.4464 20.4374 -4.68145 1.79119 13.841 21.0031 14.3897 20.5904 -4.55149 1.62386 0.264236 0.317696 0.769023 0.429554 1.73323 0
R 13.9292 20.64 -4.85581 1.55394 13.8232 20.859 13.9304 20.7408 -4.63606 1.38386 0.263501 0.316243 0.764122 0.42755 0.37605 0
R 13.5014 20.6933 -4.93813 1.15667 13.8263 20.4261 13.4632 20.8671 -4.70789 1.14153 0.262453 0.314763 0.759451 0.425384 1.85434 0
R 13.0317 20.8321 -4.96987 0.912689 13.2669 21.1579 12.9895 20.969 -4.76702 0.897694 0.2617 0.313444 0.754851 0.422759 1.96667 0
R 12.3197 21.0573 -5.29135 0.740364 11.5171 21.6724 12.5106 21.0465 -4.81358 0.653175 0.261437 0.311758 0.751107 0.420242 2.60011 0
R 11.8886 21.0858 -5.22578 0.414719 12.3859 21.1066 12.0276 21.0996 -4.84773 0.408778 0.260043 0.309784 0.747837 0.417906 1.27983 0
R 11.4172 21.0481 -5.17575 0.0562326 11.5265 20.6748 11.5418 21.1283 -4.86971 0.165281 0.25873 0.307917 0.744103 0.415499 1.15933 0
R 10.8603 20.997 -5.20302 -0.289429 10.5558 20.5567 11.0544 21.1327 -4.87982 -0.076565 0.257749 0.30627 0.740306 0.413265 3.50788 0
R 10.1564 21.0788 -5.26783 -0.417616 9.30535 21.3896 10.5666 21.1131 -4.8784 -0.31604 0.258197 0.304575 0.736836 0.410878 3.80889 0
R 9.68173 21.0475 -5.17147 -0.659119 9.97958 21.2932 10.0795 21.0697 -4.86585 -0.552463 0.25881 0.302742 0.733407 0.408482 1.58846 0
R 9.21189 21.0107 -4.94917 -0.792305 9.38223 21.111 9.59422 21.0028 -4.84262 -0.785189 0.259225 0.300936 0.729482 0.406044 2.36085 0
R 8.89226 20.8865 -4.71506 -1.06346 9.63392 20.9724 9.11177 20.9128 -4.80919 -1.01362 0.258471 0.299192 0.725275 0.403751 2.85244 0
R 8.7419 20.6254 -4.2811 -1.39771 9.84634 20.009 8.63315 20.8003 -4.76608 -1.2372 0.257102 0.297753 0.722015 0.401612 4.68375 0
R 8.2957 20.4763 -4.27482 -1.6614 8.29647 20.4978 8.1593 20.6657 -4.71387 -1.45542 0.257173 0.296503 0.71947 0.399621 0.143478 0
R 7.92523 20.3103 -4.21839 -1.94476 8.29081 20.6565 7.69111 20.5096 -4.65313 -1.66781 0.257839 0.295322 0.716787 0.397962 3.13543 0
R 7.43085 20.1298 -4.15121 -2.13471 7.09214 20.1196 7.22939 20.3326 -4.58448 -1.87399 0.259193 0.294174 0.714122 0.396414 0.604009 0
R 6.99507 19.9467 -4.01817 -2.28205 6.89359 20.1536 6.7749 20.1352 -4.50854 -2.07357 0.260249 0.29298 0.711696 0.394692 0.595364 0
R 6.60068 19.7626 -3.89135 -2.43365 6.67637 20.2142 6.32834 19.9183 -4.42598 -2.26625 0.261684 0.291658 0.709667 0.3928 2.51718 0
R 6.01285 19.5334 -4.06067 -2.69126 5.28178 19.5036 5.89034 19.6824 -4.33744 -2.45178 0.262933 0.290291 0.707022 0.391096 2.73588 0
R 5.69751 19.2185 -3.79612 -2.91316 5.9506 18.9859 5.46145 19.4284 -4.24359 -2.62995 0.263257 0.289142 0.704179 0.389696 0.637315 0
R 5.44087 18.9653 -3.41247 -2.93042 5.87397 19.301 5.04219 19.157 -4.1451 -2.80059 0.265472 0.287993 0.70306 0.387999 3.92367 0
R 4.83701 18.7386 -3.6436 -3.10145 3.98679 19.0452 4.63297 18.8689 -4.04263 -2.96359 0.268097 0.286652 0.701694 0.386096 3.41433 0
R 4.51925 18.4432 -3.37979 -3.1454 4.69245 18.4634 4.23416 18.5648 -3.93685 -3.11888 0.26908 0.285294 0.699634 0.384109 0.831944 0
R 3.98252 18.1831 -3.65577 -3.46068 3.42434 18.8357 3.84606 18.2457 -3.82841 -3.26644 0.270081 0.283867 0.697065 0.382394 7.78625 0
R 3.75757 17.8557 -3.24896 -3.43889 4.3011 17.9267 3.46891 17.9122 -3.71795 -3.40627 0.270496 0.282538 0.694359 0.380547 2.89217 0
R 3.23316 17.5505 -3.45202 -3.66899 2.65664 17.888 3.10287 17.565 -3.60609 -3.53844 0.271376 0.281229 0.691554 0.378742 3.2246 0
R 3.00331 17.1342 -3.18154 -3.96832 3.26647 17.0897 2.74805 17.2051 -3.49344 -3.66302 0.2715 0.280104 0.688476 0.377491 1.02015 0
R 2.66198 16.7945 -2.92775 -3.81781 2.55039 16.8884 2.4045 16.833 -3.38059 -3.78014 0.272432 0.278842 0.686035 0.376025 2.90461 0
R 2.18075 16.4173 -2.96299 -3.82685 1.57735 16.0489 2.07221 16.4497 -3.26812 -3.88995 0.272828 0.277684 0.683562 0.374205 4.64481 0
R 1.84022 16.0719 -2.85681 -3.83631 1.74362 16.2687 1.75112 16.0557 -3.15656 -3.99261 0.272224 0.27657 0.680777 0.37263 0.748192 0
R 1.58858 15.6375 -2.73426 -4.16802 1.6097 15.5526 1.44111 15.6517 -3.04644 -4.08832 0.271639 0.27565 0.678054 0.371148 1.66338 0
R 1.18208 15.2685 -2.75218 -4.17845 0.828993 15.528 1.14201 15.2386 -2.93825 -4.1773 0.271139 0.274659 0.675174 0.369384 1.73949 0
R 0.92675 14.9039 -2.54519 -4.10079 1.03147 15.2134 0.853604 14.8169 -2.83246 -4.25977 0.270205 0.273921 0.672333 0.36781 1.98905 0
R 0.700965 14.4397 -2.40925 -4.39423 0.722177 14.2445 0.575628 14.3872 -2.72952 -4.33598 0.269471 0.273436 0.669736 0.366359 1.63044 0
R 0.325527 13.9675 -2.51469 -4.72083 -0.0328023 13.9604 0.307779 13.9502 -2.62984 -4.40617 0.268808 0.27279 0.666927 0.36529 2.60828 0
R 0.0793055 13.4933 -2.36135 -4.89157 0.0524412 13.6377 0.0497099 13.5065 -2.53381 -4.47061 0.267767 0.272016 0.663979 0.365225 0.496358 0
R -0.198094 13.0451 -2.22493 -4.76599 -0.275043 13.1456 -0.198962 13.0566 -2.44179 -4.52955 0.266752 0.271151 0.66117 0.364863 1.44465 0
R -0.508025 12.5729 -2.17338 -4.68485 -0.684792 12.3563 -0.438654 12.6011 -2.35412 -4.58326 0.265715 0.270321 0.658399 0.363551 1.90762 0
R -0.798322 12.1497 -2.14281 -4.66785 -0.972122 12.5207 -0.669818 12.1404 -2.27111 -4.63198 0.264684 0.269449 0.655574 0.361968 2.16097 0
R -1.09009 11.6784 -2.13562 -4.72762 -1.26757 11.6495 -0.892931 11.6751 -2.19304 -4.67598 0.263839 0.268734 0.652705 0.360381 0.395396 0
R -1.19028 11.2138 -1.81449 -4.59118 -0.891441 10.959 -1.1085 11.2057 -2.12017 -4.71549 0.2628 0.268015 0.650152 0.358897 2.90167 0
R -1.33543 10.7447 -1.65932 -4.80131 -1.29894 10.9012 -1.31706 10.7324 -2.05273 -4.75075 0.261662 0.267335 0.648086 0.357472 1.28644 0
R -1.53208 10.2241 -1.58368 -4.97428 -1.59293 10.0212 -1.51917 10.2559 -1.99093 -4.78198 0.260591 0.266694 0.646277 0.356159 0.843075 0
R -1.65588 9.77278 -1.37967 -4.83975 -1.59702 9.96554 -1.71539 9.77637 -1.93498 -4.80939 0.259565 0.265899 0.645007 0.35483 1.17763 0
R -1.93804 9.26904 -1.49507 -4.98939 -2.27191 9.37316 -1.90631 9.29431 -1.88502 -4.83316 0.258669 0.265225 0.643693 0.353472 2.1256 0
R -2.04293 8.83248 -1.29438 -4.82301 -1.96565 9.13274 -2.09256 8.81003 -1.8412 -4.85347 0.257631 0.264485 0.642403 0.352116 2.03329 0
R -2.34184 8.3076 -1.47444 -4.93175 -2.65862 8.19477 -2.27474 8.32388 -1.80365 -4.87047 0.256754 0.263939 0.640978 0.350677 2.61256 0
R -2.38086 7.91426 -1.17923 -4.7789 -2.273 8.52315 -2.45348 7.83617 -1.77248 -4.8843 0.255738 0.2633 0.639778 0.349308 5.53926 0
R -2.70635 7.41758 -1.42969 -4.70207 -3.08256 7.38874 -2.62944 7.34723 -1.74777 -4.89507 0.254943 0.263068 0.638557 0.348165 5.67732 0
R -2.79396 6.97653 -1.2492 -4.74319 -2.79412 7.20818 -2.80326 6.85734 -1.72958 -4.90286 0.253906 0.262876 0.636996 0.347124 1.01826 0
R -2.84482 6.54436 -1.04352 -4.47996 -2.57673 6.36755 -2.97559 6.36681 -1.71797 -4.90774 0.253089 0.263076 0.636577 0.346941 3.5616 0
R -3.11269 6.0381 -1.26396 -4.68115 -3.50172 6.10796 -3.14709 5.87592 -1.71297 -4.90976 0.252456 0.263584 0.636079 0.346916 4.22286 0
R -3.30594 5.52638 -1.35859 -4.63522 -3.19736 5.19093 -3.31843 5.38496 -1.71458 -4.90893 0.251567 0.263939 0.634578 0.346266 3.04091 0
R -3.44416 5.03958 -1.32204 -4.71634 -3.4281 4.94644 -3.49026 4.89422 -1.72281 -4.90525 0.250668 0.264173 0.632976 0.345526 0.244463 0
R -3.65792 4.50776 -1.48789 -4.70519 -3.50501 4.17643 -3.66325 4.40398 -1.73763 -4.89868 0.249824 0.264349 0.631205 0.344582 4.10253 0
R -3.85476 4.0172 -1.55817 -4.79645 -4.06447 4.10977 -3.83806 3.91452 -1.75899 -4.88918 0.248923 0.264293 0.629086 0.343495 0.942486 0
R -4.05398 3.59759 -1.64016 -4.63716 -4.23729 3.88878 -4.01533 3.42616 -1.78686 -4.87666 0.248015 0.264366 0.626868 0.342535 3.25786 0
R -4.29739 3.05003 -1.86526 -4.79562 -4.27467 2.88187 -4.19571 2.93919 -1.82113 -4.86104 0.247166 0.264689 0.624558 0.341551 2.36851 0
R -4.48351 2.52912 -1.89218 -4.87633 -4.38481 2.39989 -4.37985 2.45393 -1.86173 -4.84218 0.246312 0.264622 0.622193 0.340279 0.58986 0
R -4.68968 2.02562 -2.05267 -4.87691 -4.29257 1.92854 -4.56836 1.97072 -1.90853 -4.81994 0.245497 0.264363 0.619912 0.339026 4.44002 0
R -4.93872 1.48558 -2.23176 -5.01525 -4.98165 1.43611 -4.76186 1.48989 -1.9614 -4.79417 0.244823 0.263993 0.617858 0.338055 0.956232 0
R -5.12755 1.04598 -2.17689 -4.81254 -4.98594 1.10894 -4.96095 1.01182 -2.02019 -4.76468 0.244171 0.263411 0.615815 0.337118 1.07163 0
R -5.3011 0.4319 -2.17739 -5.07865 -4.84736 0.18101 -5.16621 0.536876 -2.08471 -4.73127 0.243441 0.263036 0.613619 0.336558 6.08379 0
R -5.53024 -0.0260411 -2.09527 -4.87693 -5.99809 -0.290765 -5.3782 0.0654719 -2.15477 -4.69374 0.242732 0.262252 0.611397 0.336237 29.8294 0
R -5.75464 -0.370366 -2.16648 -4.56831 -5.64447 -0.144522 -5.59748 -0.401971 -2.23014 -4.65185 0.24205 0.261448 0.609217 0.335278 2.87464 0
R -5.94187 -0.851205 -2.30614 -4.70956 -5.30947 -0.724468 -5.82456 -0.865006 -2.31058 -4.60536 0.241295 0.260987 0.607053 0.334148 6.81543 0
R -6.10432 -1.41423 -2.23968 -4.85254 -5.68069 -1.52871 -6.05993 -1.32316 -2.39581 -4.55404 0.240446 0.260517 0.60496 0.333519 3.8948 0
R -6.34868 -1.9061 -2.46045 -5.01865 -6.11355 -1.75966 -6.30406 -1.77593 -2.48555 -4.49762 0.23965 0.259833 0.602931 0.334344 3.60934 0
R -6.64932 -2.31465 -2.55544 -4.7575 -6.99344 -2.17445 -6.55738 -2.22281 -2.57946 -4.43585 0.238915 0.259034 0.600821 0.33531 3.01941 0
R -6.94669 -2.7505 -2.6901 -4.66691 -7.14408 -2.67584 -6.82029 -2.66323 -2.6772 -4.36847 0.238206 0.258292 0.598732 0.335258 0.857285 0
R -7.19729 -3.20943 -2.67761 -4.55682 -7.13937 -3.22028 -7.09316 -3.09663 -2.7784 -4.29523 0.237458 0.257594 0.596683 0.335027 0.363043 0
R -7.47707 -3.73146 -2.69447 -4.62581 -7.77186 -4.08999 -7.37632 -3.5224 -2.88265 -4.21586 0.236721 0.257066 0.594792 0.335201 2.88258 0
R -7.74339 -4.14331 -2.789 -4.53168 -7.52393 -3.88213 -7.67004 -3.93992 -2.98953 -4.13012 0.235962 0.25646 0.593036 0.33592 1.56985 0
R -8.03134 -4.58462 -2.84761 -4.4644 -8.08524 -4.57834 -7.97457 -4.34854 -3.09857 -4.03778 0.235225 0.255957 0.591383 0.336709 0.0515754 0
R -8.32122 -4.98283 -2.80903 -4.21668 -8.453 -4.95621 -8.2901 -4.74759 -3.2093 -3.93862 0.234508 0.255465 0.590109 0.337092 1.45317 0
R -8.63074 -5.27169 -2.89141 -3.90822 -8.55062 -4.79248 -8.61678 -5.13637 -3.32121 -3.83242 0.233844 0.254737 0.589245 0.336532 3.57072 0
R -8.94146 -5.66597 -3.01334 -3.90467 -9.04115 -5.69364 -8.95469 -5.51417 -3.43377 -3.71901 0.233233 0.254058 0.588449 0.335666 0.244418 0
R -9.2289 -5.94556 -3.05416 -3.64939 -8.86897 -5.41973 -9.30388 -5.88026 -3.54643 -3.59823 0.232747 0.25325 0.587821 0.334863 5.25048 0
R -9.57242 -6.31724 -3.19966 -3.63513 -9.80646 -6.41174 -9.66432 -6.23389 -3.6586 -3.46994 0.232496 0.252544 0.587318 0.333958 0.898632 0
R -10.0328 -6.59682 -3.56414 -3.51868 -10.6688 -6.35543 -10.0359 -6.57431 -3.76969 -3.33404 0.232272 0.251772 0.586253 0.333297 5.7585 0
R -10.3883 -6.91919 -3.69623 -3.43482 -10.2205 -6.71044 -10.4186 -6.90075 -3.87907 -3.19046 0.231785 0.251087 0.584627 0.332823 0.956491 0
R -10.8088 -7.1788 -3.89082 -3.24032 -10.8944 -6.83335 -10.8121 -7.21245 -3.98613 -3.03916 0.231391 0.250408 0.582919 0.332439 1.18144 0
R -11.1741 -7.48059 -3.91371 -3.0872 -10.986 -7.3707 -11.2161 -7.50862 -4.09021 -2.88015 0.23095 0.249826 0.581193 0.331957 0.691678 0
R -11.565 -7.73088 -3.98673 -2.89349 -11.4213 -7.46085 -11.6304 -7.78849 -4.19066 -2.71349 0.230667 0.249235 0.579596 0.331456 1.08452 0
R -11.9538 -7.97075 -3.92234 -2.62625 -11.9422 -7.88317 -12.0546 -8.05131 -4.28682 -2.53924 0.230531 0.248719 0.578297 0.330781 1.08065 0
R -12.3964 -8.21426 -4.25173 -2.60886 -12.4462 -8.02117 -12.4881 -8.29633 -4.37802 -2.35756 0.230546 0.248245 0.576979 0.330189 2.15672 0
R -12.8094 -8.39861 -4.15358 -2.28667 -12.7461 -8.19449 -12.9304 -8.5228 -4.4636 -2.16863 0.230583 0.247812 0.575512 0.329786 1.87001 0
R -13.3205 -8.58052 -4.43769 -2.1311 -13.7929 -8.47158 -13.381 -8.73002 -4.54289 -1.97267 0.230695 0.247515 0.574085 0.329097 2.65139 0
R -13.7579 -8.66881 -4.31083 -1.73038 -13.6376 -8.26344 -13.8392 -8.91729 -4.61524 -1.76997 0.230585 0.247512 0.572614 0.328403 3.49219 0
R -14.2503 -8.84669 -4.65285 -1.67464 -14.4737 -8.79552 -14.3043 -9.08395 -4.68001 -1.56086 0.230549 0.247794 0.571164 0.327474 2.557 0
R -14.6755 -9.05561 -4.58353 -1.55161 -14.5757 -9.32634 -14.7754 -9.22939 -4.73658 -1.34573 0.230464 0.247826 0.569491 0.326899 0.649851 0
R -15.1715 -9.26102 -4.66042 -1.45248 -15.6189 -9.69365 -15.2517 -9.35302 -4.78436 -1.125 0.230556 0.247474 0.567888 0.326867 4.564 0
R -15.6598 -9.35486 -4.57674 -1.17105 -15.9382 -9.35751 -15.7324 -9.45431 -4.82275 -0.899159 0.230566 0.246917 0.566391 0.327114 1.70787 0
R -16.2039 -9.32819 -4.67144 -0.795382 -16.6033 -8.85459 -16.2164 -9.53277 -4.85124 -0.668734 0.230518 0.246553 0.56496 0.326892 1.69295 0
R -16.5882 -9.41387 -4.57797 -0.650148 -16.011 -9.33486 -16.7027 -9.58797 -4.8693 -0.434301 0.230338 0.246335 0.563596 0.3264 3.87938 0
R -16.9861 -9.73192 -4.63902 -0.855114 -16.9255 -10.8571 -17.1903 -9.61954 -4.87646 -0.196479 0.230748 0.245905 0.562305 0.327904 7.64596 0
R -17.5371 -9.69939 -4.66851 -0.518714 -18.1371 -9.39146 -17.6781 -9.62717 -4.87232 0.0440703 0.231475 0.245279 0.560905 0.331063 3.09786 0
R -18.0536 -9.6146 -4.62938 -0.155057 -18.3083 -9.18778 -18.1648 -9.61064 -4.85648 0.286648 0.23181 0.244597 0.559499 0.333016 1.27308 0
R -18.4914 -9.64385 -4.70093 -0.0356026 -18.2443 -9.58547 -18.6493 -9.56977 -4.82864 0.530522 0.232077 0.24392 0.558033 0.334828 1.07473 0
R -18.9604 -9.54804 -4.75053 0.240916 -18.6983 -9.02886 -19.1305 -9.50447 -4.78851 0.774927 0.232577 0.243289 0.556452 0.337128 3.1154 0
R -19.4823 -9.3435 -4.624 0.674693 -19.7037 -8.79906 -19.6069 -9.41472 -4.73591 1.01907 0.233037 0.242662 0.554884 0.338497 2.01356 0
R -20.0597 -8.95638 -4.63691 1.30767 -20.3815 -7.6755 -20.0775 -9.30061 -4.67066 1.26215 0.233171 0.242668 0.553316 0.338456 5.42302 0
R -20.4803 -9.00501 -4.62705 1.26395 -20.4587 -9.7448 -20.5409 -9.16227 -4.59271 1.50334 0.232913 0.242576 0.551745 0.337758 2.57382 0
R -21.0148 -8.77045 -4.58663 1.61974 -21.5568 -8.5005 -20.9959 -8.99994 -4.50202 1.74179 0.232765 0.242234 0.550218 0.337405 2.55067 0
R -21.5039 -8.57314 -4.47983 1.87599 -21.8628 -8.64129 -21.4412 -8.81393 -4.39865 1.97666 0.232388 0.242002 0.548734 0.336738 1.69731 0
R -21.9631 -8.14428 -4.1773 2.3719 -21.9514 -7.41274 -21.8754 -8.60465 -4.2827 2.20712 0.231931 0.24266 0.547276 0.336104 3.9959 0
R -22.3652 -7.92227 -4.17466 2.55482 -22.1914 -7.70392 -22.2975 -8.37258 -4.15437 2.43232 0.231407 0.243834 0.545759 0.335242 1.72418 0
R -22.6984 -7.83562 -3.98462 2.5162 -22.3177 -8.57758 -22.7061 -8.11829 -4.01391 2.65145 0.230881 0.244214 0.544272 0.334391 1.77939 0
R -23.065 -7.67222 -3.69497 2.55646 -23.2693 -8.32031 -23.1 -7.84243 -3.86163 2.8637 0.230508 0.243828 0.54285 0.334101 3.88356 0
R -23.4622 -7.35882 -3.72928 2.83707 -23.473 -7.02103 -23.4781 -7.54572 -3.69792 3.06828 0.230182 0.24336 0.541386 0.334096 1.5611 0
R -23.8654 -6.97437 -3.63694 3.14136 -24.0505 -6.56968 -23.8393 -7.22897 -3.52321 3.26445 0.229793 0.243066 0.53998 0.333694 0.527444 0
R -24.2442 -6.49565 -3.41783 3.5039 -24.3577 -5.94086 -24.1825 -6.89307 -3.33801 3.45149 0.229323 0.243331 0.53864 0.332994 0.940157 0
R -24.5622 -6.27635 -3.1574 3.49658 -24.788 -7.18367 -24.5066 -6.53896 -3.14289 3.62873 0.228785 0.243332 0.537268 0.332174 4.48326 0
R -24.833 -5.92709 -2.90852 3.62872 -24.6108 -6.00878 -24.8107 -6.16764 -2.93846 3.79553 0.228233 0.243033 0.535865 0.331587 0.645539 0
R -25.1025 -5.46178 -2.69059 3.88729 -24.8975 -5.02285 -25.094 -5.7802 -2.72537 3.95132 0.227713 0.242954 0.534456 0.330964 1.36808 0
R -25.3814 -5.16954 -2.59278 3.92038 -25.5328 -5.4399 -25.3556 -5.37777 -2.50435 4.09557 0.227205 0.242625 0.533073 0.330286 1.29355 0
R -25.5623 -5.14943 -2.46431 3.60754 -25.0178 -6.55904 -25.5946 -4.96152 -2.27613 4.22781 0.226666 0.242177 0.531857 0.331183 5.97336 0
R -25.8108 -4.71199 -2.31932 3.81021 -25.8162 -4.40681 -25.8105 -4.53268 -2.04149 4.34764 0.226191 0.242585 0.530882 0.333288 0.255496 0
R -26.0719 -4.3058 -2.01838 3.89367 -26.8953 -4.43966 -26.0027 -4.0925 -1.80125 4.45471 0.225685 0.243048 0.530002 0.335017 11.3497 0
R -26.2564 -3.8443 -1.6656 4.03005 -26.5652 -3.85723 -26.1706 -3.64227 -1.55623 4.54875 0.225144 0.243654 0.528938 0.336623 3.97949 0
R -26.3815 -3.29767 -1.28732 4.25742 -26.2976 -3.01078 -26.3138 -3.18332 -1.30729 4.62954 0.22459 0.244075 0.527707 0.337488 1.91245 0
R -26.4825 -2.95973 -1.02436 4.22742 -26.4681 -3.44967 -26.4319 -2.71697 -1.05529 4.69696 0.224028 0.244389 0.526381 0.33809 0.537465 0
R -26.5944 -2.41029 -0.785183 4.41712 -26.657 -1.72382 -26.5247 -2.24456 -0.80109 4.75091 0.223484 0.245102 0.52506 0.338584 1.08877 0
R -26.6474 -1.8875 -0.542135 4.52323 -26.3248 -1.32261 -26.5921 -1.76744 -0.545553 4.79141 0.222939 0.245399 0.523756 0.338469 2.59399 0
R -26.6481 -1.5397 -0.219669 4.43619 -26.4998 -2.19526 -26.6338 -1.28695 -0.289538 4.81852 0.222382 0.245774 0.522481 0.338459 1.60367 0
R -26.7084 -1.20549 -0.0329986 4.33462 -27.2008 -1.67679 -26.65 -0.804425 -0.0338883 4.83238 0.221842 0.247221 0.521175 0.339095 3.64144 0
R -26.7098 -0.599701 0.306941 4.54636 -26.9891 0.0351487 -26.6406 -0.321181 0.220572 4.83317 0.221334 0.249077 0.519926 0.339471 2.22993 0
R -26.6822 -0.123509 0.601768 4.56683 -26.9537 0.136943 -26.6059 0.161489 0.473041 4.82116 0.220855 0.250211 0.518675 0.339155 25.8896 0
R -26.6492 0.283127 0.77681 4.44219 -26.8241 0.381506 -26.5462 0.642323 0.722748 4.79667 0.220427 0.251593 0.517397 0.338991 2.04522 0
R -26.5539 0.645837 0.917276 4.22739 -25.9562 2.60409 -26.4616 1.12009 0.968955 4.76007 0.220044 0.253818 0.516139 0.339601 5.9186 0
R -26.4948 0.57008 0.96 3.64894 -26.5072 -0.563928 -26.3526 1.59361 1.21096 4.71181 0.219732 0.260608 0.515093 0.343758 3.56148 0
R -26.3744 1.16869 1.22619 3.8226 -26.3475 1.82827 -26.2197 2.06173 1.44811 4.65235 0.219564 0.27091 0.514277 0.349117 0.953615 0
R -26.2434 1.70102 1.3866 3.82649 -26.069 2.27896 -26.0633 2.52336 1.67979 4.58223 0.219503 0.278833 0.513502 0.352441 1.8721 0
R -26.0832 2.29748 1.7122 4.01971 -26.3234 3.02388 -25.8841 2.97746 1.90543 4.502 0.219583 0.284875 0.512738 0.354144 3.16452 0
R -25.9217 2.91503 1.93269 4.14199 -26.1824 3.73376 -25.6826 3.42306 2.12452 4.41227 0.219851 0.288701 0.511807 0.354193 2.85985 0
R -25.7053 3.28178 2.15616 3.9961 -25.5773 3.13316 -25.4596 3.85924 2.3366 4.31367 0.220312 0.29157 0.510866 0.353853 0.326406 0
R -25.4716 3.69301 2.35591 3.88672 -25.3516 3.75691 -25.2157 4.28514 2.54127 4.20686 0.220861 0.294848 0.509917 0.353592 0.188388 0
R -25.1542 4.12971 2.54942 3.75636 -24.2719 4.30917 -24.9518 4.69998 2.73817 4.09251 0.221353 0.298017 0.508979 0.353366 9.38015 0
R -24.8375 4.59859 2.78464 3.71004 -24.3609 4.95947 -24.6686 5.10304 2.92701 3.97132 0.221605 0.300676 0.508011 0.353015 2.4189 0
R -24.5126 5.01967 3.10522 3.66394 -24.4379 5.24592 -24.367 5.49367 3.10754 3.84401 0.221731 0.30276 0.506944 0.352424 0.916294 0
R -24.2272 5.24687 3.30149 3.39198 -24.5638 4.75836 -24.0477 5.8713 3.27959 3.71127 0.221866 0.305251 0.505778 0.351982 1.69958 0
R -23.8884 5.74555 3.29835 3.28919 -23.5491 6.44495 -23.7117 6.23542 3.44302 3.57383 0.222139 0.307931 0.504657 0.351639 4.88666 0
R -23.5746 6.16449 3.38768 3.21312 -23.7544 6.53746 -23.3598 6.58559 3.59775 3.4324 0.222506 0.309552 0.503703 0.351134 1.48719 0
R -23.2112 6.33137 3.50319 2.88493 -22.7862 5.74143 -22.9928 6.92146 3.74376 3.28768 0.223053 0.311428 0.502859 0.350929 4.43851 0
R -22.7888 6.65864 3.79346 2.79029 -22.418 6.76159 -22.6117 7.24273 3.88106 3.14038 0.223555 0.314044 0.501942 0.350879 1.92958 0
R -22.3036 7.12793 4.24908 2.86672 -22.0543 7.85452 -22.2173 7.54917 4.00974 2.99118 0.223792 0.315953 0.500978 0.350375 3.49522 0
R -21.8233 7.79029 4.31277 3.09228 -21.6178 9.0351 -21.8105 7.84064 4.12989 2.84074 0.223706 0.316407 0.499987 0.349791 6.94985 0
R -21.4489 8.04193 4.33452 2.85933 -21.8637 7.78661 -21.392 8.11703 4.24166 2.68971 0.223462 0.315841 0.49891 0.349439 1.58803 0
R -20.9466 8.5836 4.39711 2.99238 -20.5503 9.28616 -20.9628 8.37833 4.34526 2.53871 0.223328 0.315433 0.497795 0.349509 3.66476 0
R -20.4146 8.94109 4.73279 2.88211 -19.9265 9.40847 -20.5237 8.62457 4.4409 2.38835 0.223092 0.315105 0.49687 0.350403 3.13873 0
R -19.9973 9.18383 4.64033 2.66979 -20.2277 8.8532 -20.0753 8.85583 4.52884 2.23919 0.222689 0.314923 0.495924 0.35124 1.68189 0
R -19.621 9.32004 4.4973 2.35932 -19.9264 8.78179 -19.6186 9.07227 4.60937 2.09179 0.222306 0.314607 0.49486 0.351491 1.98227 0
R -19.053 9.70709 4.81342 2.38994 -18.5719 10.2069 -19.1542 9.27409 4.68278 1.94666 0.222136 0.314644 0.493853 0.351697 2.2181 0
R -18.7046 9.6968 4.72914 1.92887 -19.2825 8.98189 -18.6827 9.46154 4.7494 1.80429 0.221738 0.314543 0.492786 0.351801 3.22807 0
R -18.2539 9.6396 4.90224 1.47833 -18.1634 8.72444 -18.2049 9.63492 4.80959 1.66514 0.221598 0.313928 0.491729 0.351256 7.73572 0
R -17.715 9.84724 4.86463 1.33362 -17.2296 9.97767 -17.7214 9.79457 4.86368 1.52964 0.221528 0.313272 0.490663 0.350651 3.15305 0
R -17.2022 10.0245 4.96139 1.19065 -17.1554 10.212 -17.2328 9.94087 4.91205 1.39818 0.221327 0.312616 0.489602 0.350074 0.159558 0
R -16.6965 10.1407 4.98388 0.999745 -16.5958 10.1078 -16.7396 10.0743 4.95507 1.27113 0.221084 0.311955 0.488545 0.349607 0.183773 0
R -16.163 10.3121 5.05656 0.896048 -16.09 10.5824 -16.2424 10.1952 4.99311 1.14883 0.220843 0.311329 0.4875 0.349186 0.395292 0
R -15.6755 10.4108 4.97268 0.742261 -15.7234 10.41 -15.7416 10.3041 5.02655 1.03159 0.220532 0.310713 0.486464 0.348809 0.55104 0
R -14.9948 10.6097 5.38791 0.689259 -14.2385 10.9109 -15.2376 10.4016 5.05576 0.919692 0.220513 0.310208 0.485676 0.348392 5.82255 0
R -14.5882 10.5111 4.96528 0.386971 -14.724 9.63507 -14.7309 10.4882 5.0811 0.813394 0.220142 0.309641 0.484895 0.348301 8.01406 0
R -14.066 10.5552 4.99758 0.228003 -13.9005 10.5238 -14.2218 10.5645 5.10293 0.712926 0.219852 0.308986 0.483926 0.348707 0.319378 0
R -13.5478 10.6557 4.84466 0.204345 -13.3956 10.7857 -13.7107 10.631 5.12159 0.618496 0.219563 0.308342 0.4831 0.349067 2.29518 0
R -13.031 10.705 4.91685 0.088027 -12.9374 10.8137 -13.1979 10.6884 5.13741 0.530288 0.219277 0.307694 0.482367 0.349333 0.128284 0
R -12.4572 10.8568 4.96013 0.155013 -12.2518 11.2495 -12.6836 10.7373 5.15071 0.448467 0.219101 0.307099 0.481549 0.34934 1.70643 0
R -11.9543 10.9049 4.89791 0.102408 -11.9352 10.9161 -12.1681 10.7783 5.16179 0.373177 0.218866 0.306546 0.480779 0.349025 0.455695 0
R -11.377 10.9709 4.99496 0.0747408 -10.9703 10.9676 -11.6516 10.8121 5.17092 0.304546 0.218779 0.306035 0.480003 0.348622 1.58178 0
R -11.0045 10.7577 5.03688 -0.475455 -11.3472 10.5111 -11.1342 10.8394 5.17836 0.242681 0.218407 0.305495 0.479123 0.349545 6.84246 0
R -10.5294 10.7232 4.92229 -0.590678 -10.6563 10.8369 -10.6161 10.8609 5.18435 0.187679 0.218072 0.304959 0.478329 0.352001 0.626776 0
R -10.0024 10.82 4.67565 -0.426461 -9.90413 11.2255 -10.0976 10.8772 5.1891 0.139618 0.217807 0.304416 0.478064 0.35386 7.4822 0
R -9.70373 10.6516 4.37109 -0.674697 -10.195 10.3498 -9.57852 10.8891 5.19278 0.0985664 0.217562 0.303997 0.479095 0.355713 2.58999 0
R -9.29148 10.5552 4.22519 -0.787545 -9.2226 10.3527 -9.05915 10.8972 5.19557 0.0645787 0.218064 0.303966 0.48155 0.358682 0.893913 0
R -8.91242 10.4092 4.06374 -0.942226 -8.83914 10.0319 -8.53953 10.9023 5.19759 0.0376992 0.219388 0.304556 0.485247 0.362624 1.84417 0
R -8.33975 10.5073 4.17558 -0.776502 -7.91543 11.1157 -8.01974 10.905 5.19896 0.0179617 0.221248 0.305275 0.489103 0.366241 5.65803 0
R -7.76708 10.554 4.26129 -0.627277 -7.25987 10.6458 -7.49981 10.9061 5.19975 0.00539029 0.222649 0.305591 0.492072 0.368296 3.60882 0
