L 0.312243 0.58034 0.540302 0.841471 0.312243 0.58034 0.6 0.6 5.19994 0 0.287757 0.0196602 4.65963 0.841471 0 0
L 1.0689 0.50219 0.854317 0.803457 1.17385 0.481073 1.11998 0.600225 5.19943 0.00538996 0.358445 0.0588378 4.55714 0.826647 0 4.00762
L 1.42894 0.614746 1.90378 0.513119 1.65063 0.62469 1.6399 0.601347 5.19839 0.0179597 0.324565 0.0636481 4.2903 0.764664 0 5.25191
L 1.94093 0.639273 3.00435 -0.969127 2.18882 0.648739 2.1597 0.604086 5.19678 0.0376932 0.33728 0.055606 3.92227 0.77216 0 7.0821
L 2.43625 0.659536 4.05526 -0.0279314 2.65526 0.66598 2.67932 0.609155 5.1945 0.0645654 0.347124 0.0529893 3.55574 0.761671 0 4.86653
L 2.91242 0.642319 4.43207 -0.0890135 3.01222 0.637046 3.19869 0.617267 5.19147 0.0985415 0.359191 0.0505281 3.24263 0.692049 0 0.948654
L 3.61844 0.39997 5.09804 -1.5501 3.89365 0.311793 3.71772 0.62913 5.18754 0.139576 0.36448 0.0789275 2.99028 0.792571 0 8.07107
L 4.21987 0.483724 5.48318 -0.289841 4.30935 0.578564 4.23632 0.645449 5.18256 0.187614 0.351747 0.104299 2.78497 0.86902 0 2.21177
L 4.58401 0.753339 4.81652 1.21251 4.35143 0.899174 4.75437 0.666921 5.17634 0.242587 0.339623 0.108506 2.61851 0.858274 0 7.00785
L 5.25419 0.721502 5.36816 0.757401 5.51894 0.648233 5.27175 0.694234 5.16867 0.304413 0.336023 0.104201 2.47864 0.846395 0 6.31224
L 5.88141 0.73403 5.60115 0.569851 6.022 0.708619 5.78828 0.728072 5.15932 0.372999 0.325879 0.099154 2.36004 0.811409 0 1.626
L 6.39296 0.896987 5.4478 1.17322 6.34249 0.948833 6.30379 0.769103 5.14803 0.448233 0.313828 0.0984668 2.25789 0.790633 0 0.552893
L 6.88472 0.841229 5.36143 0.636377 6.78214 0.714036 6.81808 0.817988 5.13452 0.52999 0.303179 0.096841 2.16704 0.770915 0 2.42483
L 7.31065 0.944033 5.10893 0.867852 7.13735 0.957217 7.3309 0.875373 5.11851 0.618123 0.294042 0.0941212 2.08572 0.743468 0 2.17546
L 7.82033 0.866188 5.10708 0.403291 7.80533 0.719126 7.84199 0.941886 5.09966 0.712469 0.288343 0.0921498 2.01251 0.720656 0 2.07908
L 8.30007 0.874565 5.03974 0.32933 8.24796 0.840322 8.35106 1.01814 5.07766 0.812843 0.283421 0.0949605 1.94653 0.705358 0 0.288929
L 8.78041 0.97677 4.99027 0.548154 8.74615 1.04858 8.85775 1.10473 5.05216 0.919037 0.280094 0.100052 1.88666 0.692999 0 0.53353
L 9.26949 1.04091 4.96737 0.60916 9.25579 1.04913 9.36172 1.20223 5.0228 1.03082 0.278062 0.105167 1.832 0.680494 0 0.0189321
L 9.86432 1.25527 5.15127 1.08424 10.0484 1.44598 9.86254 1.31118 4.98922 1.14794 0.27626 0.108574 1.78201 0.666608 0 5.22375
L 10.3298 1.40959 5.01222 1.28525 10.2492 1.45907 10.3598 1.4321 4.95106 1.2701 0.272025 0.107401 1.73598 0.649599 0 0.657739
L 10.7943 1.50544 4.91795 1.28988 10.7313 1.45265 10.853 1.56549 4.90794 1.39701 0.26897 0.106054 1.69316 0.633822 0 0.484249
L 11.3938 1.62506 5.14231 1.35309 11.587 1.61462 11.3416 1.71179 4.85948 1.52832 0.266808 0.10631 1.65389 0.62004 0 2.61559
L 11.8598 1.75836 5.01671 1.42458 11.7788 1.74591 11.8251 1.87144 4.80531 1.66366 0.2624 0.108109 1.61768 0.608226 0 0.467288
L 12.3474 1.85553 4.97309 1.38609 12.3226 1.78353 12.3029 2.04482 4.74508 1.80265 0.258572 0.113079 1.58363 0.599924 0 0.428416
L 12.7495 2.07252 4.72879 1.64194 12.5924 2.17509 12.7743 2.23227 4.67842 1.94485 0.254746 0.12 1.55143 0.593243 0 2.55658
L 13.1697 2.30887 4.56332 1.89835 13.0875 2.40708 13.2388 2.43409 4.605 2.08981 0.252485 0.124324 1.52077 0.584477 0 1.20712
L 13.6987 2.54915 4.66973 2.13648 13.836 2.62479 13.6955 2.65053 4.52448 2.23703 0.251046 0.126803 1.49193 0.574662 0 1.70815
L 14.1771 2.83639 4.61959 2.43503 14.2106 2.94205 14.1439 2.88179 4.43656 2.38601 0.248293 0.127958 1.46498 0.564648 0 0.887495
L 14.574 3.01818 4.43036 2.39818 14.4616 2.90734 14.583 3.12802 4.34097 2.5362 0.245162 0.128443 1.43942 0.554965 0 1.74387
L 15.0135 3.35924 4.32725 2.75943 15.0261 3.5067 15.0122 3.38932 4.23744 2.68703 0.242744 0.130072 1.41498 0.546266 0 1.60069
L 15.4677 3.714 4.26141 3.08744 15.5236 3.82936 15.4306 3.66572 4.12575 2.83789 0.240278 0.129831 1.39182 0.538186 0 1.16806
L 15.9213 4.01654 4.23115 3.21137 15.9774 4.00094 15.8375 3.95719 4.00571 2.98817 0.237612 0.128538 1.37007 0.530775 0 0.245454
L 16.333 4.38405 4.08691 3.4564 16.3313 4.44499 16.2319 4.26363 3.87716 3.13723 0.234698 0.127933 1.34955 0.524366 0 0.273367
L 16.6867 4.7149 3.85287 3.54946 16.6039 4.67344 16.613 4.5849 3.74 3.28438 0.231611 0.127093 1.32976 0.518362 0 0.595764
L 17.0351 5.13028 3.62125 3.82038 16.9955 5.21099 16.9799 4.92077 3.59416 3.42897 0.228721 0.127826 1.31054 0.513486 0 0.604663
L 17.3528 5.48907 3.38824 3.89216 17.2894 5.43542 17.3319 5.27094 3.4396 3.57028 0.225961 0.128716 1.29202 0.509062 0 0.47782
L 17.7274 5.78304 3.36569 3.79359 17.7853 5.62476 17.6679 5.63506 3.27637 3.70762 0.223635 0.128193 1.27425 0.503011 0 2.09037
L 18.083 6.16691 3.29295 3.90916 18.1263 6.16985 17.9872 6.01269 3.10453 3.84027 0.221225 0.1278 1.25749 0.496328 0 0.134688
L 18.331 6.60372 2.96563 4.11146 18.2164 6.66138 18.2888 6.40332 2.92421 3.96753 0.218484 0.128259 1.24146 0.490114 0 1.21274
L 18.5946 6.9236 2.77835 3.9995 18.5422 6.76013 18.572 6.80638 2.7356 4.08867 0.216019 0.12731 1.22575 0.484063 0 2.06403
L 18.9735 7.26894 2.90436 3.96365 19.1441 7.18344 18.8359 7.22122 2.53893 4.20299 0.214243 0.126226 1.2113 0.479068 0 2.66909
L 19.1611 7.74739 2.53322 4.22464 19.0138 7.8688 19.0798 7.64712 2.3345 4.3098 0.211839 0.126467 1.19792 0.47445 0 2.67742
L 19.3018 8.1614 2.13151 4.27034 19.132 8.12845 19.3028 8.08329 2.12266 4.40842 0.209362 0.125893 1.1842 0.469305 0 2.13402
L 19.4492 8.48942 1.8569 4.11283 19.347 8.30741 19.5042 8.5289 1.90381 4.49819 0.207328 0.125458 1.17059 0.466133 0 3.02025
L 19.769 8.89431 2.02334 4.18337 20.0039 8.8906 19.6835 8.983 1.67841 4.57848 0.20578 0.12754 1.15796 0.464971 0 3.94843
L 20.0357 9.36552 2.04811 4.36413 20.1574 9.45949 19.8398 9.44463 1.44697 4.64869 0.20454 0.130742 1.14791 0.463014 0 1.64984
L 20.2027 9.84336 1.82667 4.51366 20.1573 9.90876 19.9728 9.91275 1.21005 4.70826 0.204151 0.133519 1.13974 0.45962 0 0.458191
L 20.2925 10.3626 1.43627 4.71081 20.166 10.4687 20.0818 10.3863 0.968259 4.75666 0.203913 0.135796 1.13123 0.455342 0 1.99954
L 20.4021 10.9001 1.15518 4.90541 20.371 11.0109 20.1663 10.864 0.722256 4.7934 0.203906 0.137046 1.12197 0.450816 0 0.940082
L 20.4315 11.3786 0.756881 4.90137 20.3164 11.3483 20.2261 11.3449 0.472738 4.81807 0.203909 0.137237 1.11236 0.446426 0 1.03155
L 20.5418 11.8942 0.630514 4.99984 20.6141 11.9422 20.2608 11.8275 0.220439 4.83027 0.204637 0.137591 1.1028 0.44237 0 0.536811
L 20.4856 12.4336 0.111545 5.07642 20.3263 12.4966 20.2701 12.3108 -0.0338694 4.82968 0.20552 0.137867 1.09341 0.439042 0 2.17827
L 20.4896 12.9229 -0.131673 5.03951 20.498 12.8924 20.254 12.7933 -0.28939 4.81605 0.205972 0.13762 1.08339 0.43608 0 0.0702767
L 20.3563 13.3342 -0.620506 4.78249 20.1943 13.1688 20.2122 13.2738 -0.545298 4.78918 0.205974 0.136874 1.07359 0.432584 0 3.82216
L 20.2979 13.838 -0.867925 4.8087 20.3245 13.8896 20.1449 13.7509 -0.800753 4.74892 0.205283 0.136942 1.06373 0.428637 0 0.236713
L 20.1677 14.3227 -1.21913 4.75515 20.1216 14.337 20.0521 14.2233 -1.0549 4.69521 0.20457 0.136772 1.05423 0.424872 0 0.169824
L 19.9331 14.7848 -1.74146 4.60487 19.781 14.773 19.934 14.6897 -1.30687 4.62805 0.203392 0.13644 1.04567 0.42119 0 1.70858
L 19.8527 15.2286 -1.76775 4.51166 20.0208 15.2053 19.7908 15.1486 -1.55581 4.54751 0.201797 0.13604 1.03713 0.417527 0 2.09896
L 19.76 15.6326 -1.78463 4.3435 19.9131 15.554 19.6229 15.5989 -1.80085 4.45372 0.200901 0.135586 1.02826 0.414069 0 2.11616
L 19.5328 16.0415 -2.10168 4.18437 19.4748 16.0098 19.4307 16.039 -2.04114 4.3469 0.200539 0.135538 1.01967 0.41088 0 0.318237
L 19.2812 16.3864 -2.38788 3.89759 19.238 16.2719 19.2148 16.4679 -2.27586 4.22731 0.199855 0.136008 1.01128 0.408681 0 1.0626
L 19.0213 16.7933 -2.6485 3.80003 19.0029 16.8387 18.9757 16.8841 -2.50418 4.0953 0.198952 0.137673 1.00311 0.406922 0 0.166451
L 18.6986 17.2425 -3.00451 3.78976 18.6148 17.3832 18.7142 17.2866 -2.72534 3.95127 0.197969 0.139129 0.995366 0.404412 0 1.8575
L 18.2775 17.5853 -3.48799 3.47486 18.1023 17.5529 18.4309 17.674 -2.93858 3.79568 0.19718 0.139881 0.988817 0.402294 0 2.30755
L 18.0319 17.9725 -3.44915 3.4214 18.2094 18.0461 18.1268 18.0453 -3.14318 3.62906 0.195823 0.141055 0.982277 0.400135 0 2.70822
L 17.7617 18.276 -3.44163 3.18388 17.9018 18.2183 17.8026 18.3994 -3.3385 3.45199 0.194438 0.142106 0.974959 0.397898 0 1.61207
L 17.4023 18.6284 -3.6381 3.08785 17.3845 18.7039 17.4595 18.7353 -3.5239 3.26509 0.193355 0.143613 0.967652 0.395488 0 0.422483
L 17.0851 18.914 -3.67277 2.87679 17.1762 18.8863 17.0983 19.0521 -3.69883 3.06904 0.192204 0.144884 0.960462 0.392957 0 0.636579
L 16.6574 19.1364 -3.93249 2.52851 16.5734 19.052 16.7201 19.3488 -3.86278 2.86455 0.191448 0.147051 0.95349 0.391211 0 1.03741
L 16.2528 19.4674 -4.09952 2.5116 16.2338 19.6171 16.3262 19.6246 -4.01531 2.65237 0.190498 0.149622 0.946633 0.389063 0 1.61512
L 15.8724 19.7708 -4.15168 2.45958 15.9243 19.8703 15.9176 19.8789 -4.15602 2.43329 0.189493 0.150788 0.939896 0.386309 0 0.922413
L 15.4484 20.074 -4.27761 2.42243 15.4332 20.1836 15.4956 20.111 -4.28461 2.2081 0.188705 0.15096 0.933319 0.384191 0 0.878364
L 15.0875 20.3608 -4.21668 2.38459 15.2016 20.4385 15.0613 20.3203 -4.4008 1.97763 0.187933 0.150433 0.927002 0.383999 0 1.39731
L 14.6642 20.5976 -4.30255 2.2358 14.6665 20.6088 14.6161 20.5063 -4.50443 1.74272 0.187806 0.149666 0.921034 0.385966 0 0.00960109
L 14.161 20.7237 -4.53569 1.82488 14.0521 20.5924 14.1611 20.6686 -4.59537 1.50421 0.187891 0.148727 0.915072 0.387522 0 2.14878
L 13.6152 20.8252 -4.8001 1.39703 13.4686 20.7253 13.6977 20.807 -4.67357 1.26294 0.187704 0.147753 0.909086 0.386771 0 2.29053
L 13.1217 20.9033 -4.87722 1.01497 13.1072 20.8294 13.2271 20.9211 -4.73904 1.01975 0.187072 0.14683 0.903225 0.38479 0 0.418978
L 12.7204 21.021 -4.7389 0.85532 12.8729 21.0592 12.7506 21.0108 -4.79186 0.775469 0.18618 0.145978 0.897433 0.382469 0 1.74466
L 12.2316 21.0999 -4.80999 0.615863 12.2062 21.11 12.2695 21.0761 -4.83219 0.530912 0.185771 0.145072 0.89172 0.380428 0 0.0516596
L 11.7232 21.0366 -4.85708 0.0742699 11.6814 20.8651 11.785 21.117 -4.86022 0.286869 0.185372 0.144297 0.886099 0.378759 0 2.28994
L 11.2835 21.0457 -4.76035 -0.156296 11.363 21.0688 11.2982 21.1335 -4.87623 0.0441057 0.184774 0.143747 0.880626 0.376799 0 0.479706
L 10.838 20.9815 -4.6664 -0.506818 10.8903 20.927 10.8105 21.1259 -4.88053 -0.196643 0.184524 0.143471 0.875417 0.375319 0 0.404503
L 10.3082 21.0307 -4.8117 -0.524918 10.189 21.209 10.3229 21.0943 -4.87349 -0.434674 0.184619 0.143053 0.870265 0.3734 0 3.2958
L 9.88951 20.971 -4.64606 -0.750129 9.99634 20.9797 9.83658 21.0391 -4.85554 -0.669327 0.184407 0.142323 0.8652 0.371216 0 0.796181
L 9.46811 20.8807 -4.51051 -0.991829 9.53921 20.8762 9.35258 20.9607 -4.82714 -0.899977 0.184928 0.141633 0.860543 0.36909 0 0.352271
L 8.90659 20.7914 -4.71271 -1.20279 8.70331 20.8221 8.87192 20.8594 -4.78881 -1.12605 0.185871 0.14092 0.855821 0.366976 0 2.9415
L 8.36263 20.5917 -4.79093 -1.6327 8.22277 20.4839 8.39557 20.7358 -4.74108 -1.34701 0.185976 0.140532 0.850878 0.365504 0 2.1898
L 7.88779 20.4296 -4.70511 -1.85424 7.88599 20.45 7.92445 20.5903 -4.68453 -1.56237 0.185569 0.140366 0.846023 0.364325 0 0.0311857
L 7.33335 20.2993 -4.82965 -1.9394 7.18029 20.392 7.45939 20.4237 -4.61975 -1.7717 0.185351 0.140013 0.841386 0.362751 0 2.3131
L 6.84001 20.132 -4.78245 -2.06902 6.81542 20.1859 7.00119 20.2364 -4.54738 -1.97462 0.184869 0.139469 0.837058 0.360821 0 0.263769
L 6.37386 19.9544 -4.6838 -2.17924 6.38914 20.0137 6.55059 20.0292 -4.46805 -2.17079 0.184377 0.138808 0.832824 0.358822 0 0.274343
L 5.89118 19.7695 -4.64547 -2.26988 5.86119 19.8306 6.10823 19.8027 -4.38241 -2.35993 0.184098 0.138095 0.828708 0.356976 0 0.34786
L 5.52651 19.546 -4.34172 -2.41489 5.69089 19.5755 5.67472 19.5577 -4.29114 -2.5418 0.183424 0.137498 0.824536 0.355416 0 1.94388
L 5.12248 19.3514 -4.1996 -2.45655 5.17021 19.4397 5.25059 19.2948 -4.19488 -2.71622 0.182743 0.137093 0.820146 0.354369 0 0.714914
L 4.77719 19.0505 -3.9301 -2.72145 4.89149 18.982 4.8363 19.015 -4.09432 -2.88305 0.181918 0.137122 0.815892 0.353571 0 1.28442
L 4.41862 18.7938 -3.75367 -2.83038 4.4685 18.834 4.43224 18.7188 -3.99012 -3.0422 0.181267 0.137141 0.81183 0.352485 0 0.284848
L 4.12857 18.4921 -3.44649 -3.00035 4.26269 18.481 4.03876 18.4071 -3.88293 -3.19362 0.180929 0.137556 0.808331 0.351543 0 1.27687
L 3.67001 18.1822 -3.58225 -3.18226 3.45919 18.167 3.65611 18.0807 -3.77339 -3.33732 0.181135 0.138173 0.804757 0.350431 0 3.12899
L 3.24913 17.8194 -3.59688 -3.42536 3.12525 17.7493 3.28449 17.7402 -3.66215 -3.47331 0.180799 0.138924 0.800733 0.349029 0 1.4051
L 2.90868 17.6011 -3.47007 -3.25443 2.9449 17.8154 2.92405 17.3866 -3.54982 -3.60167 0.18019 0.140221 0.796719 0.348234 0 3.36189
L 2.56635 17.2003 -3.33614 -3.5411 2.55407 17.0853 2.57486 17.0205 -3.437 -3.72251 0.17965 0.142854 0.792779 0.347929 0 0.953501
L 2.24556 16.8377 -3.18476 -3.67307 2.25371 16.8334 2.23695 16.6427 -3.32428 -3.83595 0.179124 0.145113 0.788931 0.346806 0 0.00621032
L 1.92491 16.3299 -3.00204 -4.11617 1.88972 16.1054 1.91027 16.254 -3.21219 -3.94216 0.178662 0.147021 0.785232 0.345656 0 3.66154
L 1.55894 15.9821 -3.03358 -4.08371 1.44745 16.0853 1.59474 15.8549 -3.10129 -4.04132 0.178224 0.14781 0.781518 0.344102 0 1.71891
L 1.23627 15.5178 -2.92592 -4.31701 1.18395 15.4284 1.29021 15.4463 -2.99207 -4.13364 0.177596 0.148948 0.777783 0.342687 0 0.745055
L 0.864712 15.0591 -2.97109 -4.47663 0.722706 15.0075 0.996486 15.0288 -2.88503 -4.21933 0.177103 0.149495 0.774111 0.341654 0 1.62119
L 0.637194 14.6401 -2.67344 -4.50047 0.737301 14.7047 0.71333 14.603 -2.78061 -4.29864 0.176349 0.149736 0.770562 0.340651 0 0.996853
L 0.328958 14.1954 -2.63406 -4.5744 0.253435 14.2029 0.440459 14.1696 -2.67925 -4.37181 0.175742 0.150043 0.766985 0.33953 0 0.42605
L 0.227033 13.7077 -2.08932 -4.70686 0.459172 13.6856 0.177545 13.7292 -2.58135 -4.43909 0.174968 0.150282 0.764173 0.338643 0 4.02347
L -0.0584579 13.2572 -2.11086 -4.74894 -0.190344 13.2856 -0.0757753 13.2823 -2.48728 -4.50075 0.174583 0.15022 0.761693 0.337887 0 1.34924
L -0.14223 12.8294 -1.66164 -4.69411 0.0462308 12.9301 -0.319903 12.8295 -2.39739 -4.55704 0.174458 0.150146 0.760179 0.336805 0 3.24085
L -0.367892 12.3624 -1.63334 -4.76018 -0.476482 12.3633 -0.555273 12.3714 -2.31202 -4.60823 0.175254 0.150252 0.759542 0.335527 0 0.861554
L -0.54771 11.9415 -1.5299 -4.69274 -0.582624 12.0386 -0.78235 11.9083 -2.23144 -4.65456 0.176326 0.15033 0.758796 0.334152 0 0.759275
L -0.878944 11.4505 -1.82864 -4.784 -1.17212 11.3988 -1.00163 11.4409 -2.15594 -4.69628 0.177224 0.150708 0.757039 0.332729 0 6.42077
L -1.18981 11.0016 -2.05714 -4.73301 -1.39289 11.0424 -1.21362 10.9695 -2.08575 -4.73364 0.177106 0.150933 0.753974 0.331304 0 3.17415
L -1.43167 10.4899 -2.08439 -4.84233 -1.49687 10.4198 -1.41889 10.4945 -2.02111 -4.76686 0.176538 0.151319 0.750715 0.329906 0 0.642157
L -1.63313 10.0902 -2.01573 -4.67833 -1.61875 10.2374 -1.61797 10.0165 -1.96221 -4.79615 0.175875 0.151523 0.747519 0.328602 0 1.5292
L -1.794 9.65408 -1.86931 -4.63422 -1.73381 9.71347 -1.81147 9.53564 -1.90924 -4.82172 0.175211 0.152455 0.744355 0.327541 0 0.502046
L -1.95575 9.03603 -1.71931 -5.01068 -1.93833 8.77028 -1.99998 9.05243 -1.86233 -4.84374 0.174646 0.153602 0.741266 0.326592 0 4.9925
L -2.14438 8.53777 -1.68296 -5.03387 -2.1768 8.5411 -2.18412 8.56717 -1.82164 -4.86238 0.174158 0.153667 0.738255 0.32557 0 0.0790448
L -2.27396 8.07629 -1.51854 -4.96692 -2.21875 8.15339 -2.3645 8.0802 -1.78726 -4.87778 0.173735 0.153647 0.73543 0.324438 0 0.627742
L -2.49179 7.59047 -1.60916 -4.96658 -2.59674 7.60288 -2.54177 7.59184 -1.75931 -4.89006 0.173431 0.153787 0.732642 0.323181 0 0.833098
L -2.70853 7.08504 -1.69153 -5.00268 -2.79865 7.064 -2.71658 7.10238 -1.73786 -4.89933 0.172946 0.153948 0.729705 0.321959 0 0.627678
L -2.8272 6.68663 -1.53099 -4.79469 -2.74651 6.86867 -2.88957 6.61214 -1.72295 -4.90566 0.172396 0.15408 0.726851 0.320794 0 2.75469
L -2.94769 6.21464 -1.4047 -4.796 -2.90217 6.22989 -3.0614 6.12139 -1.71464 -4.90911 0.17211 0.154905 0.72429 0.319664 0 0.167188
L -3.11923 5.66203 -1.41784 -4.97758 -3.1778 5.53101 -3.23274 5.63043 -1.71295 -4.9097 0.172034 0.155774 0.721901 0.318497 0 1.43122
L -3.32563 5.14491 -1.52964 -5.03345 -3.43031 5.10507 -3.40424 5.13955 -1.71787 -4.90745 0.17188 0.156132 0.719381 0.317364 0 0.908518
L -3.56218 4.60111 -1.70925 -5.12535 -3.69435 4.52196 -3.57657 4.64902 -1.72939 -4.90233 0.171518 0.156337 0.716658 0.316527 0 1.70428
L -3.84087 4.07779 -1.97814 -5.13153 -4.00238 4.04684 -3.75039 4.15913 -1.74749 -4.8943 0.171058 0.156295 0.714011 0.315957 0 2.00144
L -3.97734 3.63127 -1.83383 -4.99216 -3.88053 3.75177 -3.92635 3.67019 -1.77212 -4.8833 0.170426 0.156039 0.71139 0.315167 0 1.67612
L -4.15804 3.16464 -1.83091 -4.92096 -4.15119 3.21968 -4.10509 3.18248 -1.8032 -4.86925 0.16982 0.155962 0.708667 0.314055 0 0.214466
L -4.33245 2.62836 -1.80875 -5.02339 -4.32451 2.55034 -4.28727 2.69633 -1.84065 -4.85202 0.169212 0.156045 0.70597 0.313059 0 0.43344
L -4.55218 2.11571 -1.90511 -5.04457 -4.61223 2.09192 -4.47352 2.21205 -1.88436 -4.83149 0.168666 0.155936 0.70331 0.312348 0 0.30266
L -4.79197 1.5859 -2.03755 -5.09298 -4.86829 1.53442 -4.66444 1.72998 -1.93422 -4.80751 0.168218 0.155854 0.700699 0.311969 0 0.604856
L -4.86697 1.14883 -1.73513 -4.94075 -4.66779 1.28643 -4.86066 1.25049 -1.99007 -4.7799 0.167602 0.155507 0.698278 0.311495 0 4.18167
L -4.96816 0.714971 -1.55649 -4.81243 -4.85498 0.825661 -5.06277 0.77393 -2.05174 -4.74848 0.167178 0.155197 0.696562 0.310552 0 1.76497
L -5.12286 0.242731 -1.53396 -4.80172 -5.1231 0.257311 -5.27133 0.300706 -2.11906 -4.71303 0.167237 0.155042 0.695644 0.309498 0 0.0148847
L -5.28483 -0.227834 -1.53583 -4.78895 -5.29972 -0.212982 -5.4869 -0.168772 -2.1918 -4.67335 0.167781 0.154888 0.695246 0.308518 0 0.0322663
L -5.60362 -0.606789 -1.92635 -4.5456 -5.85359 -0.445801 -5.71001 -0.634069 -2.26974 -4.62919 0.168348 0.154691 0.694293 0.307554 0 6.48913
L -5.8268 -1.13471 -2.03807 -4.69267 -5.87835 -1.26863 -5.94118 -1.09472 -2.35262 -4.58032 0.168403 0.154927 0.692438 0.306544 0 1.42932
L -6.12802 -1.56507 -2.31695 -4.56277 -6.27263 -1.50938 -6.18087 -1.55025 -2.44014 -4.52648 0.168408 0.154786 0.690339 0.305571 0 1.77592
L -6.35185 -2.06223 -2.35765 -4.63135 -6.34007 -2.13685 -6.42954 -2.00014 -2.532 -4.46742 0.168201 0.15479 0.688046 0.30467 0 0.403939
L -6.67183 -2.491 -2.62398 -4.49999 -6.79288 -2.4458 -6.68761 -2.44386 -2.62788 -4.40288 0.168054 0.154565 0.685754 0.303874 0 1.24585
L -6.8802 -3.0004 -2.55944 -4.6135 -6.8003 -3.10086 -6.95546 -2.88084 -2.7274 -4.3326 0.167755 0.154522 0.683439 0.303366 0 1.21749
L -7.1356 -3.38728 -2.61689 -4.41407 -7.12118 -3.26434 -7.23344 -3.3105 -2.83017 -4.25632 0.167741 0.154156 0.681308 0.303036 0 1.0748
L -7.44203 -3.69991 -2.78026 -4.07333 -7.49009 -3.49081 -7.52184 -3.73223 -2.93579 -4.1738 0.167823 0.153841 0.679202 0.302274 0 3.30424
L -7.78129 -4.17254 -3.01178 -4.15248 -7.88049 -4.29783 -7.82094 -4.14538 -3.04381 -4.08479 0.167795 0.153963 0.676993 0.301285 0 1.77385
L -8.13619 -4.6606 -3.22826 -4.24629 -8.22492 -4.79812 -8.13095 -4.5493 -3.15376 -3.98906 0.167604 0.153919 0.674727 0.300709 0 1.85838
L -8.41264 -5.09287 -3.19555 -4.21896 -8.33552 -5.1059 -8.45204 -4.94331 -3.26514 -3.88641 0.167293 0.153728 0.672465 0.300846 0 0.451558
L -8.80553 -5.50918 -3.45104 -4.12853 -8.91477 -5.51752 -8.78433 -5.32669 -3.37745 -3.77663 0.167154 0.153596 0.670265 0.301358 0 0.872816
L -9.11013 -5.87679 -3.43677 -3.96804 -9.03391 -5.80267 -9.12788 -5.69872 -3.49012 -3.65955 0.166823 0.153429 0.668042 0.301805 0 0.785821
L -9.40985 -6.10395 -3.40335 -3.52135 -9.30811 -5.82368 -9.4827 -6.05868 -3.60261 -3.53503 0.166696 0.152944 0.665962 0.301558 0 6.22066
L -9.70283 -6.4941 -3.37805 -3.54308 -9.62547 -6.55958 -9.84874 -6.4058 -3.71431 -3.40295 0.166996 0.152707 0.664215 0.300689 0 0.758709
L -10.1125 -6.83705 -3.618 -3.43173 -10.2246 -6.83402 -10.2259 -6.73933 -3.82463 -3.26321 0.167658 0.15238 0.66253 0.3001 0 0.901742
L -10.5832 -7.21365 -3.95857 -3.38972 -10.7616 -7.29159 -10.614 -7.05849 -3.93293 -3.11577 0.168028 0.152185 0.660551 0.299847 0 2.65517
L -11.0732 -7.5501 -4.27301 -3.24036 -11.2219 -7.56979 -11.0128 -7.36252 -4.03859 -2.96062 0.168024 0.152068 0.65856 0.299961 0 1.60048
L -11.3529 -7.80336 -4.01423 -3.00688 -11.0934 -7.6776 -11.422 -7.65064 -4.14093 -2.79777 0.167727 0.151845 0.656573 0.299927 0 5.79851
L -11.6767 -7.99619 -3.90511 -2.67342 -11.5269 -7.8215 -11.8413 -7.92208 -4.23932 -2.6273 0.168179 0.151422 0.654831 0.299441 0 3.68002
L -12.0806 -8.19234 -3.99979 -2.39758 -12.09 -8.08828 -12.2702 -8.17609 -4.33309 -2.44932 0.16932 0.150978 0.653382 0.298604 0 0.787516
L -12.4637 -8.36316 -4.02349 -2.12115 -12.4231 -8.2599 -12.7082 -8.41193 -4.42156 -2.26399 0.170873 0.150641 0.652056 0.297782 0 0.864897
L -13.0228 -8.59193 -4.45435 -1.96458 -13.2911 -8.64594 -13.1547 -8.62886 -4.50407 -2.07151 0.172477 0.150449 0.650491 0.296925 0 5.22296
L -13.4419 -8.70236 -4.44855 -1.60537 -13.384 -8.57583 -13.6092 -8.82619 -4.57997 -1.87214 0.173344 0.150338 0.648534 0.296377 0 1.36492
L -13.9263 -8.90494 -4.61111 -1.5171 -13.9959 -8.99264 -14.0709 -9.00324 -4.64861 -1.6662 0.174394 0.150447 0.646605 0.29572 0 0.876569
L -14.4013 -9.10078 -4.70656 -1.45118 -14.4273 -9.1875 -14.5391 -9.15936 -4.70936 -1.45402 0.175278 0.150347 0.644636 0.294824 0 0.587562
L -14.9447 -9.158 -4.90629 -1.03412 -15.062 -9.04396 -15.013 -9.29397 -4.76161 -1.23603 0.175997 0.150244 0.642725 0.294195 0 1.95657
L -15.5165 -9.37347 -5.14875 -1.10086 -15.6682 -9.56749 -15.4916 -9.40649 -4.80476 -1.01269 0.176279 0.150184 0.641095 0.293387 0 4.30259
L -16.0502 -9.52313 -5.23332 -1.02311 -16.0862 -9.59819 -15.9741 -9.49642 -4.83827 -0.784484 0.176196 0.149805 0.639782 0.293006 0 0.503989
L -16.5223 -9.51674 -5.13668 -0.586473 -16.4229 -9.37029 -16.4594 -9.5633 -4.8616 -0.55198 0.175938 0.149379 0.638388 0.292777 0 2.26434
L -17.065 -9.50906 -5.20742 -0.21563 -17.1132 -9.43043 -16.9464 -9.60673 -4.87427 -0.315773 0.175809 0.149081 0.636916 0.292075 0 0.633366
L -17.5701 -9.54167 -5.18533 -0.0389066 -17.5448 -9.57485 -17.4342 -9.62636 -4.87583 -0.0765024 0.175577 0.148833 0.635511 0.291222 0 0.128219
L -18.0466 -9.4896 -5.07883 0.291927 -17.9724 -9.42299 -17.9216 -9.62194 -4.86588 0.165151 0.175289 0.148641 0.633977 0.290482 0 0.707654
L -18.4531 -9.51374 -4.85645 0.344199 -18.2763 -9.60997 -18.4074 -9.59325 -4.84408 0.40847 0.174911 0.148413 0.63224 0.289655 0 2.86181
L -18.9431 -9.48732 -4.85541 0.50949 -18.9545 -9.51544 -18.8904 -9.54017 -4.81012 0.652707 0.174746 0.14804 0.630411 0.289091 0 0.0670295
L -19.38 -9.2974 -4.68606 1.01439 -19.2983 -9.09865 -19.3694 -9.46265 -4.76378 0.897083 0.174533 0.147882 0.628616 0.288678 0 3.35969
L -19.8543 -9.0986 -4.61206 1.46243 -19.8731 -8.96417 -19.8431 -9.36071 -4.70487 1.1408 0.174457 0.148257 0.626838 0.288364 0 1.33965
L -20.2601 -9.19492 -4.48931 1.08537 -20.1607 -9.59663 -20.3102 -9.23446 -4.63328 1.38303 0.174387 0.148241 0.625104 0.288178 0 12.3851
L -20.6882 -9.01458 -4.38841 1.414 -20.6596 -8.91527 -20.7696 -9.08409 -4.54895 1.62296 0.174587 0.147877 0.623414 0.288435 0 0.775657
L -21.0854 -8.85818 -4.23632 1.61369 -21.0195 -8.85081 -21.2198 -8.90987 -4.45191 1.85972 0.175004 0.147488 0.62179 0.288442 0 0.306566
L -21.505 -8.75832 -4.1795 1.63555 -21.5029 -8.87191 -21.6597 -8.71217 -4.34224 2.0925 0.175716 0.147113 0.620165 0.289287 0 0.930379
L -21.9404 -8.58108 -4.15675 1.82154 -21.9793 -8.57089 -22.0881 -8.49143 -4.22007 2.32043 0.176486 0.147003 0.618468 0.291245 0 0.112572
L -22.4352 -8.37838 -4.26488 2.02943 -22.5838 -8.35296 -22.5035 -8.24817 -4.08564 2.5427 0.177033 0.147165 0.616824 0.293457 0 1.57929
L -22.8981 -7.97728 -4.18735 2.68439 -22.9861 -7.6724 -22.9049 -7.98301 -3.93923 2.75848 0.177117 0.147393 0.615402 0.294489 0 7.21668
L -23.3686 -7.64979 -4.156 3.02878 -23.4777 -7.56583 -23.2911 -7.69663 -3.78118 2.967 0.176993 0.147178 0.614264 0.293849 0 1.31652
L -23.6888 -7.34139 -3.79703 3.20971 -23.5408 -7.36069 -23.6609 -7.3898 -3.61191 3.16746 0.176609 0.146899 0.61313 0.293062 0 1.56308
L -24.0194 -7.10622 -3.57303 3.17315 -23.9384 -7.26171 -24.0132 -7.06336 -3.43189 3.35916 0.176304 0.146634 0.611677 0.292441 0 2.16551
L -24.32 -6.64581 -3.2287 3.65561 -24.2574 -6.4352 -24.347 -6.71823 -3.24166 3.54138 0.176037 0.146704 0.610148 0.29207 0 3.54219
L -24.5107 -6.32856 -2.76139 3.66862 -24.3008 -6.43799 -24.6612 -6.35538 -3.0418 3.71347 0.176003 0.146422 0.608699 0.291299 0 3.89152
L -24.9124 -5.94696 -2.84727 3.88546 -25.146 -5.91902 -24.955 -5.97587 -2.83295 3.87484 0.176229 0.146275 0.607143 0.290595 0 3.89691
L -25.1903 -5.58613 -2.65402 3.95786 -25.1941 -5.64372 -25.2276 -5.58079 -2.61581 4.02492 0.17602 0.146139 0.605567 0.289864 0 0.237097
L -25.4911 -5.156 -2.5384 4.16744 -25.5713 -5.10241 -25.4779 -5.1713 -2.39109 4.16322 0.175762 0.146147 0.604063 0.289185 0 0.647524
L -25.7216 -4.79486 -2.31296 4.1521 -25.6952 -4.89995 -25.7055 -4.7486 -2.15956 4.2893 0.175382 0.146123 0.602676 0.288527 0 0.820757
L -25.9437 -4.33503 -2.08757 4.35612 -25.9516 -4.26659 -25.9096 -4.31392 -1.92202 4.40279 0.174991 0.146359 0.60132 0.287956 0 0.333133
L -26.129 -3.81456 -1.79072 4.64096 -26.1198 -3.67723 -26.0897 -3.86856 -1.67928 4.50337 0.174573 0.146527 0.599961 0.287336 0 1.33901
L -26.1767 -3.30536 -1.21341 4.79102 -25.9974 -3.24722 -26.2453 -3.41381 -1.4322 4.59081 0.174169 0.146513 0.598631 0.286812 0 2.62772
L -26.2407 -2.84225 -0.8142 4.80159 -26.1741 -2.87885 -26.376 -2.95098 -1.18162 4.66493 0.173995 0.146371 0.597399 0.286275 0 0.410422
L -26.4552 -2.50145 -0.918335 4.57225 -26.674 -2.73852 -26.4815 -2.48143 -0.928411 4.72562 0.173824 0.146137 0.595994 0.285696 0 7.55636
L -26.5882 -2.09132 -0.812665 4.51613 -26.6691 -2.17333 -26.5616 -2.0065 -0.673434 4.77284 0.173422 0.146402 0.594547 0.285404 0 0.9593
L -26.5834 -1.59899 -0.395492 4.62285 -26.4671 -1.53207 -26.6161 -1.52753 -0.417552 4.80664 0.17299 0.146982 0.593193 0.285168 0 1.30476
L -26.6062 -1.139 -0.131882 4.63194 -26.5998 -1.14277 -26.6451 -1.04586 -0.161616 4.8271 0.172583 0.147519 0.591723 0.284786 0 0.00393887
L -26.6562 -0.64806 0.0100942 4.70942 -26.7355 -0.59539 -26.6485 -0.562811 0.0935412 4.83439 0.172165 0.148161 0.590273 0.284318 0 0.644663
L -26.569 -0.0922402 0.47344 4.86873 -26.4553 0.0602653 -26.6264 -0.0796947 0.347104 4.82874 0.17176 0.148691 0.588927 0.283682 0 2.56631
L -26.5523 0.45775 0.657359 4.99524 -26.6201 0.57588 -26.5792 0.402213 0.598287 4.81045 0.171349 0.148885 0.587471 0.283137 0 1.30493
L -26.5765 0.992875 0.662347 5.06808 -26.7293 1.06082 -26.5069 0.881666 0.846334 4.77986 0.17096 0.148902 0.586099 0.282972 0 2.06124
L -26.4576 1.46951 1.00358 4.95861 -26.3986 1.42212 -26.4101 1.35745 1.09053 4.73737 0.170651 0.148773 0.58487 0.282901 0 0.418641
L -26.3499 1.90098 1.22525 4.76914 -26.3594 1.79315 -26.2891 1.82841 1.33018 4.68345 0.170339 0.148579 0.583552 0.282504 0 0.812765
L -26.2282 2.30577 1.41778 4.55488 -26.2502 2.18481 -26.1444 2.29342 1.56467 4.61859 0.170096 0.14843 0.582279 0.281892 0 1.04808
L -26.0713 2.77458 1.65995 4.51651 -26.0641 2.80701 -25.9765 2.75141 1.79339 4.54334 0.169941 0.148462 0.581048 0.281215 0 0.0764309
L -25.8726 3.29225 1.95459 4.57866 -25.8345 3.42005 -25.7861 3.20139 2.01582 4.45828 0.169833 0.148505 0.579779 0.2806 0 1.23324
L -25.6651 3.70448 2.1781 4.38489 -25.6666 3.63509 -25.5737 3.64239 2.23146 4.36404 0.16974 0.148318 0.578453 0.280047 0 0.335686
L -25.5573 4.09052 2.0996 4.20496 -25.7492 3.99968 -25.3402 4.07353 2.43989 4.26125 0.169963 0.148159 0.577362 0.279413 0 3.21722
L -25.2158 4.50965 2.58538 4.06909 -25.0214 4.52803 -25.0863 4.49399 2.64071 4.15058 0.170491 0.148113 0.576397 0.278776 0 2.75728
L -24.9814 4.90123 2.71132 3.92589 -25.0363 4.88499 -24.8126 4.90303 2.83361 4.03273 0.170769 0.148052 0.575112 0.278167 0 0.234187
L -24.6263 5.30755 3.09295 3.7975 -24.5041 5.35293 -24.5201 5.29995 3.01833 3.90839 0.171118 0.148027 0.573864 0.277573 0 1.20454
L -24.2327 5.65001 3.46922 3.51688 -24.1159 5.61152 -24.2095 5.68414 3.19464 3.77827 0.171181 0.147964 0.572673 0.27722 0 1.10905
L -23.8904 5.97377 3.63412 3.27414 -23.9153 5.94377 -23.8818 6.05508 3.36239 3.64309 0.171016 0.148057 0.57156 0.277305 0 0.105121
L -23.5673 6.29262 3.70675 3.08556 -23.6471 6.29102 -23.5377 6.41227 3.52148 3.50357 0.170841 0.148361 0.570377 0.277768 0 0.456046
L -23.1266 6.68881 4.03967 3.07688 -23.0099 6.86182 -23.1781 6.75533 3.67185 3.36041 0.170756 0.148721 0.569356 0.277961 0 3.02131
L -22.7109 7.01417 4.21648 2.92085 -22.6991 7.063 -22.804 7.08393 3.8135 3.21431 0.170542 0.148835 0.568552 0.277862 0 0.178844
L -22.3682 7.3074 4.1669 2.75994 -22.5083 7.31524 -22.4161 7.39782 3.94647 3.06598 0.170233 0.148959 0.567574 0.27781 0 1.41284
L -22.0418 7.62502 4.07763 2.70795 -22.1947 7.69478 -22.0154 7.69679 4.07087 2.91607 0.170002 0.149106 0.566329 0.277574 0 2.07136
L -21.637 7.90736 4.17352 2.58194 -21.6473 7.94 -21.6026 7.98072 4.18681 2.76526 0.169981 0.149162 0.56505 0.277153 0 0.0861714
L -21.1611 8.02897 4.38455 2.07849 -21.0853 7.83229 -21.1787 8.24957 4.29447 2.61417 0.169998 0.149526 0.563798 0.277743 0 3.26955
L -20.8461 8.34018 4.20779 2.17117 -21.0519 8.50983 -20.7444 8.50333 4.39406 2.46341 0.169944 0.150305 0.562602 0.27832 0 5.19505
L -20.3461 8.59927 4.4673 2.10403 -20.21 8.68914 -20.3006 8.74206 4.48582 2.31358 0.170262 0.150722 0.561451 0.278064 0 1.84587
L -19.9588 8.82881 4.40499 2.01341 -20.0633 8.86724 -19.848 8.96589 4.57001 2.16524 0.170442 0.151011 0.560261 0.27761 0 0.888855
L -19.5041 8.99988 4.50019 1.79663 -19.4861 8.96665 -19.3873 9.17499 4.64694 2.01891 0.170905 0.151336 0.559143 0.277216 0 0.105123
L -18.9155 9.17361 4.87443 1.58435 -18.6786 9.19191 -18.9193 9.36959 4.71692 1.8751 0.171318 0.15183 0.558022 0.27703 0 3.94628
L -18.4276 9.37983 4.93682 1.53449 -18.4242 9.46852 -18.4446 9.54996 4.78028 1.73429 0.171291 0.152305 0.556874 0.276771 0 0.579312
L -17.8775 9.60185 5.11751 1.53715 -17.7736 9.72478 -17.9639 9.71643 4.83737 1.59691 0.171281 0.152533 0.55584 0.276246 0 1.83176
L -17.359 9.80088 5.17851 1.50559 -17.3436 9.88109 -17.4777 9.86936 4.88856 1.46338 0.171152 0.152499 0.554919 0.275651 0 0.494087
L -16.8606 10.0265 5.1714 1.56972 -16.8876 10.145 -16.9868 10.0091 4.93421 1.33408 0.170982 0.15231 0.553964 0.275317 0 1.11984
L -16.4077 10.2335 5.05736 1.59448 -16.5153 10.3091 -16.4915 10.1362 4.97469 1.20937 0.17075 0.152064 0.552871 0.275654 0 1.27086
L -15.9366 10.3064 5.01228 1.29014 -16.006 10.1843 -15.9924 10.2511 5.01039 1.08956 0.170574 0.151769 0.551688 0.275992 0 1.424
L -15.481 10.3347 4.9307 0.943117 -15.5699 10.1904 -15.4899 10.3543 5.04166 0.974957 0.170448 0.151446 0.55053 0.275664 0 2.06258
L -14.9696 10.4411 4.99939 0.839769 -14.9365 10.4722 -14.9846 10.4462 5.06889 0.865828 0.170457 0.151155 0.549395 0.275081 0 0.14553
L -14.4452 10.4001 5.05295 0.39366 -14.4088 10.222 -14.4766 10.5276 5.09243 0.762418 0.170456 0.150964 0.548243 0.275024 0 2.43834
L -13.8949 10.6307 5.18916 0.714659 -13.8049 10.9383 -13.9665 10.5989 5.11263 0.664944 0.170437 0.150841 0.547099 0.274844 0 7.49137
L -13.3679 10.6377 5.21974 0.435646 -13.3556 10.5517 -13.4545 10.6608 5.12983 0.573603 0.170334 0.150526 0.54597 0.274373 0 0.561852
L -12.889 10.8105 5.13931 0.650144 -12.9591 11.0099 -12.9409 10.7138 5.14436 0.48857 0.170171 0.150294 0.544837 0.273932 0 3.32706
L -12.3726 10.7647 5.1515 0.279699 -12.3713 10.6091 -12.426 10.7587 5.15651 0.409997 0.170092 0.150017 0.543699 0.273579 0 1.80739
L -11.8907 10.8937 5.09124 0.426639 -11.9451 11.0515 -11.91 10.7961 5.16658 0.338022 0.169996 0.149772 0.542579 0.273073 0 2.07182
L -11.4085 10.9355 5.04021 0.343786 -11.4548 10.9407 -11.393 10.8265 5.17484 0.272761 0.169994 0.14959 0.541501 0.272583 0 0.15122
L -10.7946 10.8508 5.27759 -0.0611773 -10.6009 10.6823 -10.8753 10.8509 5.18153 0.214317 0.170139 0.149345 0.540437 0.272346 0 4.74194
L -10.3208 10.853 5.16024 -0.149032 -10.4142 10.8747 -10.3569 10.8697 5.18687 0.162776 0.16999 0.149041 0.539344 0.272387 0 0.641657
L -9.8166 10.9414 5.142 0.00476544 -9.83445 11.1032 -9.83809 10.8837 5.19106 0.118212 0.169945 0.148763 0.538246 0.272191 0 1.97443
L -9.30473 10.9766 5.13987 0.0131794 -9.3066 11.0348 -9.31887 10.8936 5.19428 0.0806865 0.16994 0.148525 0.53716 0.271686 0 0.252164
L -8.79089 11.0129 5.14217 0.0336276 -8.78899 11.0707 -8.79937 10.9001 5.19667 0.050248 0.169955 0.148354 0.53608 0.271145 0 0.248398
L -8.40105 10.8699 4.85324 -0.377659 -8.62045 10.6577 -8.27965 10.9039 5.19835 0.0269359 0.170075 0.148146 0.535227 0.271208 0 6.69275
L -7.77411 10.896 5.17106 -0.326715 -7.51971 11.0005 -7.75979 10.9057 5.19942 0.0107791 0.170593 0.147856 0.534375 0.271665 0 5.30089
L -7.22178 10.8415 5.24403 -0.465136 -7.15631 10.815 -7.23983 10.9063 5.19994 0.00179692 0.170695 0.147589 0.533309 0.27233 0 0.348745
