L 0.312243 0.58034 0.540302 0.841471 0.312243 0.58034 0.6 0.6 5.19994 0 0.287757 0.0196602 4.65963 0.841471 0 0
R 0.65338 0.751686 1.97823 4.12856 0.862916 0.534212 0.859997 0.600045 5.19975 0.00179686 0.250494 0.108124 4.00564 2.97811 16.2238 0
L 1.03811 0.61616 4.68331 0.150429 1.17385 0.481073 1.11998 0.600225 5.19943 0.00538996 0.209919 0.0887606 3.28414 2.43305 16.2238 5.14614
R 1.25432 0.519298 4.82907 0.0578845 0.969149 0.397513 1.37996 0.600629 5.19898 0.0107781 0.192343 0.0869628 2.85016 2.10722 2.21034 5.14614
L 1.54936 0.56758 4.85059 0.30671 1.65063 0.62469 1.6399 0.601347 5.19839 0.0179597 0.176738 0.0792343 2.554 1.88917 2.21034 1.04719
R 1.79588 0.565969 5.26219 0.427207 1.62331 0.499091 1.89982 0.60247 5.19766 0.0269323 0.166826 0.0738497 2.33162 1.73229 1.92027 1.04719
L 2.09535 0.605876 5.29096 0.518295 2.18882 0.648739 2.1597 0.604086 5.19678 0.0376932 0.156355 0.0683749 2.15895 1.61405 1.92027 0.670509
R 2.3222 0.647388 5.16824 0.717891 1.96701 0.557117 2.41954 0.606284 5.19573 0.0502389 0.150251 0.0655891 2.01954 1.52814 1.3575 0.670509
L 2.59701 0.678868 5.19514 0.708188 2.65526 0.66598 2.67932 0.609155 5.1945 0.0645654 0.144291 0.0660601 1.90404 1.45663 1.3575 0.210931
R 2.86934 0.666557 5.26503 0.398 2.92034 0.645898 2.93904 0.612786 5.19309 0.080668 0.138649 0.0649359 1.80647 1.38552 0.351079 0.210931
L 3.10488 0.672562 5.23896 0.329845 3.01222 0.637046 3.19869 0.617267 5.19147 0.0985415 0.135189 0.0641194 1.72247 1.32288 0.351079 0.560698
R 3.39558 0.562691 5.28376 -0.583181 3.56096 0.485311 3.45825 0.622685 5.18963 0.11818 0.130692 0.0637859 1.64936 1.28265 2.31982 0.560698
L 3.70478 0.452594 5.23627 -1.30451 3.89365 0.311793 3.71772 0.62913 5.18754 0.139576 0.125616 0.078441 1.58471 1.29578 2.31982 3.35299
R 3.98254 0.539005 5.39432 -0.512207 4.19786 0.698311 3.97708 0.636689 5.18519 0.162724 0.121055 0.0799692 1.52809 1.26161 3.43944 3.35299
L 4.2608 0.533412 5.4014 -0.485911 4.30935 0.578564 4.23632 0.645449 5.18256 0.187614 0.117121 0.0824959 1.47735 1.23117 3.43944 0.263614
R 4.52003 0.572062 5.34631 -0.237448 4.61908 0.68951 4.49542 0.655498 5.17962 0.214238 0.113568 0.0825549 1.43105 1.19741 1.19129 0.263614
L 4.70436 0.685178 5.17155 0.341097 4.35143 0.899174 4.75437 0.666921 5.17634 0.242587 0.110843 0.0802124 1.38832 1.16191 1.19129 10.0485
R 4.95566 0.681399 5.11108 0.266698 5.20901 0.66599 5.01315 0.679804 5.1727 0.272649 0.10857 0.0779533 1.34928 1.12917 1.37701 10.0485
L 5.26513 0.673976 5.19979 0.183718 5.51894 0.648233 5.27175 0.694234 5.16867 0.304413 0.105685 0.0760164 1.31332 1.0994 1.37701 3.53825
R 5.527 0.68056 5.25229 0.185858 5.22834 0.639362 5.53013 0.710295 5.16422 0.337868 0.103011 0.0743894 1.28021 1.0721 1.22189 3.53825
L 5.82886 0.693062 5.31137 0.196368 6.022 0.708619 5.78828 0.728072 5.15932 0.372999 0.100918 0.0729974 1.2498 1.04698 1.22189 2.01659
R 6.07413 0.617355 5.21929 -0.11677 5.89392 0.373584 6.04618 0.747647 5.15393 0.409793 0.0987775 0.0765379 1.22115 1.02905 3.64657 2.01659
L 6.33125 0.73195 5.19995 0.286082 6.34249 0.948833 6.30379 0.769103 5.14803 0.448233 0.0967758 0.0752553 1.19435 1.007 3.64657 3.26095
R 6.58115 0.765022 5.14806 0.358141 6.62134 0.836138 6.5611 0.792523 5.14157 0.488305 0.0948265 0.0738844 1.16921 0.986151 0.387938 3.26095
L 6.82936 0.75977 5.13914 0.302217 6.78214 0.714036 6.81808 0.817988 5.13452 0.52999 0.092938 0.073322 1.14558 0.9673 0.387938 0.257627
R 7.07095 0.743295 5.03441 0.212462 7.29121 0.630741 7.07469 0.845578 5.12685 0.573269 0.0911362 0.074644 1.12348 0.951151 2.43985 0.257627
L 7.28787 0.826198 4.97018 0.428828 7.13735 0.957217 7.3309 0.875373 5.11851 0.618123 0.0898152 0.0738575 1.10285 0.934082 2.43985 2.41925
R 7.57821 0.837632 5.11729 0.423951 8.08349 0.819605 7.58668 0.907449 5.10946 0.664531 0.0882113 0.073717 1.08298 0.918376 3.82135 2.41925
L 7.83081 0.812757 5.11834 0.312807 7.80533 0.719126 7.84199 0.941886 5.09966 0.712469 0.086702 0.0763006 1.06415 0.90545 3.82135 0.614867
R 8.07826 0.831083 5.03955 0.323805 8.40453 0.884557 8.0968 0.978759 5.08907 0.761915 0.0853118 0.0797161 1.0463 0.893818 1.84598 0.614867
L 8.31605 0.846293 5.01815 0.331817 8.24796 0.840322 8.35106 1.01814 5.07766 0.812843 0.0841597 0.0842752 1.02934 0.883517 1.84598 0.249502
R 8.58625 0.935692 5.13457 0.538692 8.45858 1.41118 8.60472 1.06011 5.06537 0.865226 0.0828986 0.0858143 1.01321 0.871516 6.27873 0.249502
L 8.82493 0.992364 5.09929 0.635413 8.74615 1.04858 8.85775 1.10473 5.05216 0.919037 0.0818326 0.0867385 0.997771 0.859629 6.27873 0.550927
R 9.11017 1.03086 5.15686 0.677584 9.8809 1.1419 9.1101 1.15208 5.03798 0.974245 0.0806202 0.0879461 0.9832 0.84842 5.19036 0.550927
L 9.3489 1.06191 5.12545 0.696479 9.25579 1.04913 9.36172 1.20223 5.0228 1.03082 0.0794897 0.0898671 0.969208 0.838119 5.19036 0.47158
R 9.62556 1.13446 5.169 0.816547 10.1016 1.52474 9.61255 1.25524 5.00656 1.08873 0.0784079 0.090868 0.956035 0.827641 3.76192 0.47158
L 9.90672 1.26014 5.17671 1.05384 10.0484 1.44598 9.86254 1.31118 4.98922 1.14794 0.0776812 0.0900236 0.943531 0.816526 3.76192 3.26803
R 10.1522 1.34773 5.05724 1.16712 10.5377 1.72555 10.1117 1.37011 4.97074 1.20841 0.0769345 0.0889053 0.931139 0.805739 4.14178 3.26803
L 10.3771 1.42691 4.99763 1.26007 10.2492 1.45907 10.3598 1.4321 4.95106 1.2701 0.0759924 0.087762 0.919154 0.795343 4.14178 0.956437
R 10.607 1.50737 4.85353 1.33198 10.9084 1.70343 10.6069 1.49721 4.93014 1.33298 0.0750365 0.086673 0.907673 0.785339 3.19651 0.956437
L 10.8315 1.53869 4.82274 1.30134 10.7313 1.45265 10.853 1.56549 4.90794 1.39701 0.0741917 0.0857117 0.896634 0.775846 3.19651 0.992791
R 11.0959 1.59014 4.88187 1.32066 11.4783 1.42876 11.0979 1.637 4.8844 1.46213 0.0733037 0.0849932 0.885896 0.766865 1.74445 0.992791
L 11.3825 1.63826 4.94057 1.32129 11.587 1.61462 11.3416 1.71179 4.85948 1.52832 0.0727141 0.0847444 0.875621 0.758553 1.74445 2.29485
R 11.6149 1.69429 4.87627 1.33346 11.4763 1.53917 11.584 1.78992 4.83313 1.59551 0.0720341 0.0850075 0.865638 0.750923 0.645824 2.29485
L 11.8449 1.7587 4.84512 1.36807 11.7788 1.74591 11.8251 1.87144 4.80531 1.66366 0.0712905 0.0857214 0.855987 0.743839 0.645824 0.242448
R 12.1013 1.84872 4.90123 1.46481 12.136 2.14937 12.0647 1.95639 4.77598 1.73273 0.070717 0.086258 0.846833 0.736769 1.31465 0.242448
L 12.3452 1.87896 4.89772 1.40661 12.3226 1.78353 12.3029 2.04482 4.74508 1.80265 0.0702326 0.0886986 0.838071 0.731175 1.31465 0.614603
R 12.6023 1.94126 4.95566 1.43046 12.5457 1.77728 12.5394 2.13677 4.71257 1.87338 0.0700873 0.0921947 0.830037 0.726337 0.736668 0.614603
L 12.801 2.07263 4.85488 1.60643 12.5924 2.17509 12.7743 2.23227 4.67842 1.94485 0.0694733 0.0940559 0.82191 0.720511 0.736668 3.11879
R 13.0675 2.18145 4.93867 1.72647 13.2198 2.6644 13.0075 2.33137 4.64258 2.01701 0.0692969 0.0954938 0.814727 0.714452 2.93418 3.11879
L 13.2706 2.32051 4.83689 1.89498 13.0875 2.40708 13.2388 2.43409 4.605 2.08981 0.0687589 0.0958813 0.807353 0.707939 2.93418 2.37311
R 13.4548 2.45971 4.61768 2.02717 12.7087 3.12439 13.4682 2.54047 4.56565 2.16317 0.0681198 0.095613 0.799585 0.701352 9.39022 2.37311
L 13.7089 2.57804 4.62268 2.12223 13.836 2.62479 13.6955 2.65053 4.52448 2.23703 0.0674991 0.0952286 0.79212 0.694883 9.39022 0.984404
R 13.9295 2.68892 4.55961 2.18644 13.8302 2.73893 13.9208 2.7643 4.48147 2.31134 0.0668818 0.0948987 0.784824 0.688629 0.17907 0.984404
L 14.161 2.84429 4.51826 2.34748 14.2106 2.94205 14.1439 2.88179 4.43656 2.38601 0.0663115 0.0941679 0.777734 0.68236 0.17907 0.737788
R 14.4101 2.95713 4.58498 2.4129 14.5568 2.87021 14.3646 3.00303 4.38974 2.46099 0.0659972 0.0935247 0.7712 0.67627 1.09865 0.737788
L 14.6134 3.02949 4.53162 2.36478 14.4616 2.90734 14.583 3.12802 4.34097 2.5362 0.0655396 0.0936148 0.764822 0.670696 1.09865 2.12425
R 14.8451 3.18472 4.54023 2.51465 14.6754 3.96041 14.7989 3.25679 4.29021 2.61157 0.0652553 0.0932855 0.758911 0.665011 3.63061 2.12425
L 15.0553 3.37757 4.45135 2.72455 15.0261 3.5067 15.0122 3.38932 4.23744 2.68703 0.0649433 0.0925042 0.752967 0.659369 3.63061 1.17647
R 15.2654 3.54171 4.33632 2.83981 15.3685 4.14761 15.2228 3.52563 4.18263 2.76249 0.0646342 0.0917535 0.74693 0.653928 2.4173 1.17647
L 15.4822 3.73078 4.26865 3.01074 15.5236 3.82936 15.4306 3.66572 4.12575 2.83789 0.0644416 0.0913788 0.741008 0.648923 2.4173 0.709861
R 15.6939 3.86497 4.21829 3.04176 15.7234 3.4105 15.6355 3.80957 4.06678 2.91315 0.0643479 0.0909115 0.735259 0.643876 0.95608 0.709861
L 15.9173 4.00953 4.19397 3.09168 15.9774 4.00094 15.8375 3.95719 4.00571 2.98817 0.0646231 0.0904279 0.729786 0.638878 0.95608 0.205306
R 16.112 4.1681 4.05559 3.1462 16.3376 4.21632 16.0363 4.10854 3.94251 3.0629 0.0648109 0.090027 0.7242 0.633953 1.46299 0.205306
L 16.3107 4.36461 3.97829 3.29711 16.3313 4.44499 16.2319 4.26363 3.87716 3.13723 0.0650501 0.0902056 0.718717 0.62937 1.46299 0.438068
R 16.5193 4.52889 3.94691 3.36605 16.7586 4.48231 16.4242 4.42242 3.80966 3.21109 0.0656093 0.0904739 0.713452 0.624875 0.473896 0.438068
L 16.6957 4.69611 3.85614 3.43099 16.6039 4.67344 16.613 4.5849 3.74 3.28438 0.0658971 0.0908182 0.70825 0.620453 0.473896 0.477794
R 16.8505 4.87814 3.61877 3.47863 16.9236 5.10119 16.7983 4.75103 3.66817 3.35704 0.0657164 0.0914565 0.703048 0.61605 3.63569 0.477794
L 17.015 5.10596 3.4976 3.65824 16.9955 5.21099 16.9799 4.92077 3.59416 3.42897 0.0653745 0.0934886 0.698032 0.612192 3.63569 0.763602
R 17.1861 5.27105 3.40794 3.6822 17.3421 4.64623 17.1579 5.09409 3.51797 3.50008 0.0649935 0.0951977 0.693153 0.608193 1.5892 0.763602
L 17.3432 5.45344 3.31411 3.74552 17.2894 5.43542 17.3319 5.27094 3.4396 3.57028 0.0645483 0.0969746 0.688415 0.604253 1.5892 0.172078
R 17.5017 5.61605 3.21215 3.74808 17.6463 4.74597 17.5019 5.45128 3.35907 3.63949 0.0640984 0.0982371 0.683837 0.600179 2.94215 0.172078
L 17.6933 5.74162 3.21886 3.68301 17.7853 5.62476 17.6679 5.63506 3.27637 3.70762 0.0637274 0.0983558 0.67917 0.596061 2.94215 1.44803
R 17.8389 5.93002 3.07928 3.72929 17.9216 6.07151 17.8297 5.82221 3.19151 3.77458 0.0633043 0.0984896 0.674692 0.592043 0.783897 1.44803
L 18.0134 6.12651 3.03903 3.80591 18.1263 6.16985 17.9872 6.01269 3.10453 3.84027 0.0629539 0.0987097 0.670222 0.588096 0.783897 0.780729
R 18.1636 6.3309 2.96051 3.89178 18.1245 6.79027 18.1402 6.20641 3.01542 3.90462 0.0625959 0.0990924 0.665827 0.584216 0.729403 0.780729
L 18.2839 6.57367 2.81479 4.04546 18.2164 6.66138 18.2888 6.40332 2.92421 3.96753 0.0621906 0.100343 0.661607 0.580478 0.729403 0.803382
R 18.4168 6.78364 2.70165 4.11028 18.4022 7.02231 18.4328 6.60333 2.83093 4.0289 0.0618171 0.101766 0.657515 0.576819 0.258259 0.803382
L 18.5616 6.92027 2.67002 4.0266 18.5422 6.76013 18.572 6.80638 2.7356 4.08867 0.0614358 0.101929 0.653382 0.573199 0.258259 1.64512
R 18.71 7.1269 2.65153 4.10417 18.8089 7.24388 18.7064 7.01237 2.63825 4.14672 0.061052 0.102096 0.649288 0.569625 0.585911 1.64512
L 18.9088 7.26914 2.71898 4.01837 19.1441 7.18344 18.8359 7.22122 2.53893 4.20299 0.0612119 0.101603 0.645577 0.566469 0.585911 3.74851
R 19.0036 7.46493 2.52462 4.02333 18.5479 7.4012 18.9604 7.43283 2.43767 4.25737 0.0610247 0.101044 0.641701 0.563598 3.05496 3.74851
L 19.0927 7.7353 2.35648 4.20573 19.0138 7.8688 19.0798 7.64712 2.3345 4.3098 0.0606726 0.100899 0.637828 0.560309 3.05496 1.5965
R 19.2143 7.94054 2.29443 4.24539 19.3089 7.67375 19.1939 7.86397 2.22949 4.36017 0.0603513 0.100644 0.634059 0.557104 0.244038 1.5965
L 19.2894 8.15849 2.14199 4.30113 19.132 8.12845 19.3028 8.08329 2.12266 4.40842 0.0600127 0.100382 0.630322 0.55394 0.244038 1.39445
R 19.3914 8.3694 2.07668 4.34937 19.0239 8.17194 19.4062 8.30497 2.01409 4.45445 0.0596841 0.100038 0.626683 0.550826 1.67127 1.39445
L 19.4815 8.51374 2.00547 4.24806 19.347 8.30741 19.5042 8.5289 1.90381 4.49819 0.0593898 0.0994749 0.623166 0.548308 1.67127 3.4418
R 19.5754 8.71803 1.90507 4.25957 19.6843 8.35902 19.5966 8.75494 1.7919 4.53956 0.0590951 0.0989864 0.619733 0.546 0.449154 3.4418
L 19.7389 8.89775 1.95971 4.22516 20.0039 8.8906 19.6835 8.983 1.67841 4.57848 0.0590554 0.0988427 0.616962 0.544214 0.449154 3.96603
R 19.8157 9.11433 1.81571 4.24714 19.6061 9.48659 19.7645 9.21294 1.56341 4.61488 0.0589734 0.0988401 0.614101 0.542569 0.914607 3.96603
L 19.9471 9.34928 1.80208 4.31854 20.1574 9.45949 19.8398 9.44463 1.44697 4.64869 0.0597177 0.0988024 0.611851 0.540688 0.914607 3.01322
R 19.9986 9.56402 1.6023 4.31005 19.6163 9.76606 19.9093 9.67795 1.32916 4.67984 0.0601189 0.0989793 0.609183 0.539122 2.28522 3.01322
L 20.0844 9.81198 1.51551 4.40044 20.1573 9.90876 19.9728 9.91275 1.21005 4.70826 0.0609048 0.0989987 0.606726 0.537165 2.28522 0.815954
R 20.1451 10.0629 1.40612 4.49957 19.1911 11.5493 20.0303 10.1489 1.08972 4.73389 0.0617271 0.0988696 0.604372 0.534846 7.21459 0.815954
L 20.1908 10.3433 1.24369 4.63014 20.166 10.4687 20.0818 10.3863 0.968259 4.75666 0.0624124 0.0984466 0.601847 0.532182 7.21459 1.05709
R 20.2119 10.5756 1.02519 4.62356 19.6775 10.803 20.1271 10.6247 0.845742 4.77652 0.0626868 0.0980605 0.598984 0.529633 2.60001 1.05709
L 20.2695 10.8572 0.905275 4.73824 20.371 11.0109 20.1663 10.864 0.722256 4.7934 0.0632373 0.0975562 0.596178 0.526926 2.60001 1.89129
R 20.2973 11.1168 0.759709 4.80401 19.4335 12.3402 20.1993 11.1041 0.597892 4.80727 0.0636866 0.0970657 0.593354 0.52423 4.87515 1.89129
L 20.3294 11.3558 0.640285 4.81816 20.3164 11.3483 20.2261 11.3449 0.472738 4.81807 0.0642083 0.0965805 0.590589 0.521576 4.87515 0.0120045
R 20.2839 11.6002 0.295026 4.76586 19.2063 12.2418 20.2466 11.5861 0.346889 4.82575 0.0639955 0.0961068 0.587652 0.518996 9.45909 0.0120045
L 20.3571 11.8444 0.275209 4.78873 20.6141 11.9422 20.2608 11.8275 0.220439 4.83027 0.0643952 0.0956446 0.584761 0.516437 9.45909 4.09244
R 20.3811 12.0825 0.229698 4.83258 19.966 11.9688 20.2687 12.0692 0.093487 4.83159 0.0650397 0.0951838 0.582044 0.513899 2.81615 4.09244
L 20.3634 12.3754 0.0327785 4.92756 20.3263 12.4966 20.2701 12.3108 -0.0338694 4.82968 0.0653726 0.0949347 0.579249 0.511489 2.81615 1.03389
R 20.3181 12.6115 -0.233801 4.85525 20.0192 12.4823 20.2652 12.5522 -0.161529 4.82451 0.0652633 0.0946555 0.576501 0.509033 2.93547 1.03389
L 20.3434 12.8503 -0.291146 4.84515 20.498 12.8924 20.254 12.7933 -0.28939 4.81605 0.0655347 0.0943679 0.573749 0.506612 2.93547 1.41432
R 20.3308 13.0783 -0.416319 4.80209 20.9151 12.2555 20.2363 13.0339 -0.417348 4.80428 0.0658673 0.0940207 0.571036 0.504216 2.05747 1.41432
L 20.292 13.2862 -0.557531 4.73156 20.1943 13.1688 20.2122 13.2738 -0.545298 4.78918 0.0660103 0.093588 0.568363 0.501885 2.05747 1.26497
R 20.2549 13.5209 -0.685599 4.72141 19.858 13.5236 20.1818 13.5129 -0.673135 4.77072 0.0660802 0.0931569 0.565726 0.499579 1.06947 1.26497
L 20.2321 13.7837 -0.800046 4.75106 20.3245 13.8896 20.1449 13.7509 -0.800753 4.74892 0.0663041 0.0927818 0.563125 0.497282 1.06947 1.06871
R 20.1787 14.0086 -0.960163 4.6892 20.3387 13.5307 20.1017 13.9878 -0.928043 4.72374 0.0664095 0.0923804 0.560568 0.495028 0.830143 1.06871
L 20.1194 14.2672 -1.11697 4.70355 20.1216 14.337 20.0521 14.2233 -1.0549 4.69521 0.0664177 0.0920575 0.558069 0.492793 0.830143 0.294152
R 20.0493 14.4966 -1.26366 4.66267 19.6717 14.4038 19.9962 14.4573 -1.18121 4.66331 0.066311 0.0917206 0.555626 0.490588 1.13534 0.294152
L 19.9336 14.7539 -1.49962 4.6611 19.781 14.773 19.934 14.6897 -1.30687 4.62805 0.0660169 0.0915137 0.553459 0.488423 1.13534 1.40627
R 19.8684 14.9719 -1.57534 4.61636 20.1149 14.0165 19.8655 14.9202 -1.43177 4.58944 0.0657273 0.0912404 0.551191 0.486282 3.05701 1.40627
L 19.84 15.1863 -1.59595 4.55207 20.0208 15.2053 19.7908 15.1486 -1.55581 4.54751 0.0656019 0.0909106 0.548802 0.484164 3.05701 1.88797
R 19.7123 15.3918 -1.88462 4.37496 20.0157 15.3443 19.7099 15.3749 -1.67887 4.50226 0.0653189 0.0905314 0.546765 0.482217 6.56676 1.88797
L 19.6878 15.5746 -1.86818 4.26825 19.9131 15.554 19.6229 15.5989 -1.80085 4.45372 0.0653154 0.0901715 0.544459 0.480458 6.56676 3.03822
R 19.5971 15.7759 -1.97273 4.19861 19.9388 15.0864 19.5298 15.8203 -1.92164 4.40193 0.0653322 0.0898814 0.542167 0.478784 1.24067 3.03822
L 19.4888 15.9919 -2.11038 4.15137 19.4748 16.0098 19.4307 16.039 -2.04114 4.3469 0.0652747 0.0896071 0.539922 0.477105 1.24067 0.0331197
R 19.3889 16.1991 -2.1862 4.11908 19.1556 16.0022 19.3257 16.2549 -2.15925 4.28868 0.0652576 0.0893786 0.537673 0.475365 1.44359 0.0331197
L 19.2765 16.3736 -2.28918 4.00409 19.238 16.2719 19.2148 16.4679 -2.27586 4.22731 0.0652292 0.0894204 0.535448 0.473831 1.44359 0.660223
R 19.161 16.5672 -2.39994 3.92627 19.4007 16.2962 19.0981 16.6777 -2.39087 4.16284 0.0652105 0.0896132 0.53325 0.472371 0.238753 0.660223
L 19.0247 16.7828 -2.54462 3.89069 19.0029 16.8387 18.9757 16.8841 -2.50418 4.0953 0.065095 0.089715 0.53109 0.470808 0.238753 0.226217
R 18.8677 16.9731 -2.76411 3.7475 18.8373 17.7112 18.8477 17.0872 -2.61571 4.02476 0.0648568 0.0899381 0.529112 0.469567 5.31376 0.226217
L 18.685 17.2198 -2.98487 3.75552 18.6148 17.3832 18.7142 17.2866 -2.72534 3.95127 0.0646496 0.0897763 0.527502 0.468012 5.31376 1.983
R 18.5806 17.4224 -2.93568 3.77517 18.8177 17.0316 18.5752 17.4822 -2.83299 3.87489 0.0643943 0.0895781 0.525485 0.466236 5.08533 1.983
L 18.3565 17.6172 -3.18169 3.68982 18.1023 17.5529 18.4309 17.674 -2.93858 3.79568 0.0644795 0.089367 0.523856 0.464492 5.08533 3.8774
R 18.2198 17.8094 -3.193 3.66854 18.2749 17.4877 18.2814 17.8617 -3.042 3.71372 0.0644574 0.0891373 0.521976 0.462691 2.19361 3.8774
L 18.0906 17.9938 -3.22985 3.59453 18.2094 18.0461 18.1268 18.0453 -3.14318 3.62906 0.0642859 0.0889068 0.520005 0.460904 2.19361 0.928974
R 17.9175 18.1497 -3.35509 3.44475 18.3021 17.498 17.9671 18.2246 -3.24204 3.5418 0.0641858 0.0888073 0.518096 0.459207 1.68603 0.928974
L 17.7916 18.2856 -3.35478 3.30043 17.9018 18.2183 17.8026 18.3994 -3.3385 3.45199 0.0639476 0.0890255 0.516117 0.457643 1.68603 1.05764
R 17.6571 18.4607 -3.36601 3.25299 18.8558 18.1364 17.6334 18.5697 -3.43247 3.35973 0.0637384 0.0891934 0.514191 0.456 5.48149 1.05764
L 17.4564 18.6472 -3.51288 3.20651 17.3845 18.7039 17.4595 18.7353 -3.5239 3.26509 0.0634989 0.0891858 0.512255 0.454311 5.48149 0.53575
R 17.2789 18.7882 -3.59816 3.07434 17.7945 18.0801 17.281 18.8962 -3.61271 3.16817 0.0632618 0.0893401 0.510342 0.452686 1.5956 0.53575
L 17.1201 18.922 -3.63027 2.95144 17.1762 18.8863 17.0983 19.0521 -3.69883 3.06904 0.063055 0.08971 0.508482 0.451119 1.5956 0.281419
R 16.9502 19.0896 -3.67731 2.91021 16.9398 19.7311 16.9113 19.203 -3.78221 2.9678 0.0629116 0.0899067 0.506689 0.449485 2.41519 0.281419
L 16.7289 19.2036 -3.80412 2.75845 16.5734 19.052 16.7201 19.3488 -3.86278 2.86455 0.062686 0.0904329 0.504861 0.447933 2.41519 2.53921
R 16.5361 19.3563 -3.88744 2.68427 16.1674 20.2201 16.5251 19.4894 -3.9405 2.75938 0.0624655 0.0908134 0.503049 0.446353 2.76472 2.53921
L 16.3052 19.5242 -4.03226 2.63959 16.2338 19.6171 16.3262 19.6246 -4.01531 2.65237 0.062266 0.0908864 0.501238 0.444746 2.76472 0.870015
R 16.0882 19.612 -4.12757 2.4355 16.4366 18.2742 16.1237 19.7545 -4.08716 2.54364 0.0621156 0.0913591 0.499457 0.443249 7.9453 0.870015
L 15.8825 19.7595 -4.19975 2.37276 15.9243 19.8703 15.9176 19.8789 -4.15602 2.43329 0.0619656 0.0915886 0.497696 0.441704 7.9453 0.768247
R 15.6954 19.8826 -4.18029 2.32009 16.2328 19.2166 15.7082 19.9978 -4.22185 2.32141 0.0617564 0.0917763 0.495953 0.440146 2.86443 0.768247
L 15.46 20.0412 -4.29755 2.29176 15.4332 20.1836 15.4956 20.111 -4.28461 2.2081 0.0616121 0.0916409 0.494217 0.43866 2.86443 1.24957
R 15.242 20.1835 -4.35514 2.25279 14.3677 21.3406 15.2799 20.2185 -4.34427 2.09347 0.0614789 0.0913688 0.492499 0.437336 5.03658 1.24957
L 15.0597 20.3145 -4.34784 2.19172 15.2016 20.4385 15.0613 20.3203 -4.4008 1.97763 0.0612667 0.0910544 0.490817 0.436187 5.03658 1.92544
R 14.8303 20.4008 -4.42255 2.03631 14.7476 19.9571 14.84 20.4162 -4.4542 1.86068 0.0610618 0.0907511 0.48914 0.434934 1.62978 1.92544
L 14.6164 20.5203 -4.46179 1.96726 14.6665 20.6088 14.6161 20.5063 -4.50443 1.74272 0.0608537 0.0904492 0.487486 0.433848 1.62978 0.558329
R 14.3766 20.6099 -4.55446 1.82183 13.841 21.0031 14.3897 20.5904 -4.55149 1.62386 0.0606574 0.0901573 0.485837 0.432686 1.2073 0.558329
L 14.1294 20.681 -4.62547 1.6744 14.0521 20.5924 14.1611 20.6686 -4.59537 1.50421 0.0605093 0.08986 0.48421 0.431457 1.2073 0.746217
R 13.8898 20.7541 -4.69418 1.52039 13.8232 20.859 13.9304 20.7408 -4.63606 1.38386 0.0603982 0.0895666 0.482617 0.43016 0.326865 0.746217
L 13.6116 20.8164 -4.80465 1.37 13.4686 20.7253 13.6977 20.807 -4.67357 1.26294 0.0606041 0.0892728 0.481134 0.428822 0.326865 1.59154
R 13.3613 20.8511 -4.88133 1.13404 13.8263 20.4261 13.4632 20.8671 -4.70789 1.14153 0.0609677 0.0889882 0.479755 0.42741 2.19227 1.59154
L 13.1186 20.8888 -4.90129 0.96696 13.1072 20.8294 13.2271 20.9211 -4.73904 1.01975 0.0613975 0.0887352 0.478365 0.426032 2.19227 0.202683
R 12.8837 20.9452 -4.91073 0.852122 13.2669 21.1579 12.9895 20.969 -4.76702 0.897694 0.0617893 0.0884674 0.47695 0.424662 1.33042 0.202683
L 12.696 20.9862 -4.82993 0.726458 12.8729 21.0592 12.7506 21.0108 -4.79186 0.775469 0.0617458 0.0882036 0.475418 0.423309 1.33042 2.0913
R 12.4391 21.028 -4.88582 0.595405 11.5171 21.6724 12.5106 21.0465 -4.81358 0.653175 0.0618132 0.087933 0.473928 0.421975 2.49692 2.0913
L 12.1944 21.0655 -4.90574 0.476994 12.2062 21.11 12.2695 21.0761 -4.83219 0.530912 0.061907 0.0876566 0.472452 0.420651 2.49692 0.116049
R 11.9542 21.0841 -4.91748 0.322213 12.3859 21.1066 12.0276 21.0996 -4.84773 0.408778 0.0619861 0.0873875 0.470987 0.419374 0.810783 0.116049
L 11.7148 21.0498 -4.89182 0.0982857 11.6814 20.8651 11.785 21.117 -4.86022 0.286869 0.062041 0.0872751 0.469511 0.418321 0.810783 1.94168
R 11.4681 21.0386 -4.89304 -0.0720352 11.5265 20.6748 11.5418 21.1283 -4.86971 0.165281 0.0621207 0.0872907 0.468045 0.417433 0.825549 1.94168
L 11.2595 21.031 -4.82451 -0.212483 11.363 21.0688 11.2982 21.1335 -4.87623 0.0441057 0.0620028 0.0873934 0.466607 0.416626 0.825549 0.703647
R 11.0055 20.997 -4.83364 -0.398583 10.5558 20.5567 11.0544 21.1327 -4.87982 -0.076565 0.0619307 0.0877732 0.465179 0.416108 3.1243 0.703647
L 10.8017 20.9566 -4.74382 -0.568922 10.8903 20.927 10.8105 21.1259 -4.88053 -0.196643 0.0617443 0.0885028 0.463873 0.415853 3.1243 0.557657
R 10.5557 20.9531 -4.7152 -0.612854 9.30535 21.3896 10.5666 21.1131 -4.8784 -0.31604 0.0615617 0.0891121 0.462632 0.415231 5.1118 0.557657
L 10.2672 20.9864 -4.82198 -0.631897 10.189 21.209 10.3229 21.0943 -4.87349 -0.434674 0.061528 0.0892384 0.461246 0.414255 5.1118 3.32323
R 10.0286 20.9649 -4.80144 -0.73258 9.97958 21.2932 10.0795 21.0697 -4.86585 -0.552463 0.0614698 0.0893397 0.459881 0.413242 0.735265 3.32323
L 9.84391 20.9243 -4.68002 -0.860599 9.99634 20.9797 9.83658 21.0391 -4.85554 -0.669327 0.0612881 0.0895142 0.458704 0.412269 0.735265 1.53736
R 9.6165 20.9097 -4.61686 -0.8726 9.38223 21.111 9.59422 21.0028 -4.84262 -0.785189 0.0611296 0.0895356 0.457668 0.411095 1.91511 1.53736
L 9.42874 20.8572 -4.51337 -0.998681 9.53921 20.8762 9.35258 20.9607 -4.82714 -0.899977 0.0612294 0.0896246 0.45695 0.409948 1.91511 0.761008
R 9.21257 20.811 -4.47566 -1.10597 9.63392 20.9724 9.11177 20.9128 -4.80919 -1.01362 0.0615366 0.0897012 0.456321 0.408801 1.08449 0.761008
L 8.90437 20.7831 -4.61536 -1.16814 8.70331 20.8221 8.87192 20.8594 -4.78881 -1.12605 0.0614066 0.0896286 0.455178 0.407617 1.08449 2.67845
R 8.69514 20.7038 -4.54263 -1.31907 9.84634 20.009 8.63315 20.8003 -4.76608 -1.2372 0.06141 0.0896703 0.454173 0.406478 4.25813 2.67845
L 8.40671 20.619 -4.61688 -1.46244 8.22277 20.4839 8.39557 20.7358 -4.74108 -1.34701 0.0612381 0.0898502 0.452957 0.405397 4.25813 2.92215
R 8.17859 20.5395 -4.57813 -1.5907 8.29647 20.4978 8.1593 20.6657 -4.71387 -1.45542 0.0610794 0.0901015 0.451771 0.40436 0.0548714 2.92215
L 7.93243 20.4595 -4.5723 -1.70156 7.88599 20.45 7.92445 20.5903 -4.68453 -1.56237 0.0609076 0.0903865 0.450558 0.403341 0.0548714 0.136971
R 7.71518 20.3712 -4.52608 -1.84768 8.29081 20.6565 7.69111 20.5096 -4.65313 -1.66781 0.0607614 0.0907307 0.449378 0.402422 2.66889 0.136971
L 7.39297 20.3157 -4.68039 -1.88872 7.18029 20.392 7.45939 20.4237 -4.61975 -1.7717 0.0607949 0.090837 0.44813 0.40138 2.66889 3.32178
R 7.15922 20.2211 -4.63007 -1.98103 7.09214 20.1196 7.22939 20.3326 -4.58448 -1.87399 0.0608516 0.0909659 0.446882 0.400331 0.188107 3.32178
L 6.89175 20.1386 -4.66225 -2.05255 6.81542 20.1859 7.00119 20.2364 -4.54738 -1.97462 0.0612303 0.0910053 0.445715 0.399254 0.188107 0.524844
R 6.66569 20.0462 -4.60023 -2.11677 6.89359 20.1536 6.7749 20.1352 -4.50854 -2.07357 0.0616001 0.0909942 0.444528 0.398156 0.469945 0.524844
L 6.41869 19.9552 -4.59469 -2.18683 6.38914 20.0137 6.55059 20.0292 -4.46805 -2.17079 0.0622071 0.0909087 0.443398 0.397056 0.469945 0.258988
R 6.20143 19.8587 -4.52986 -2.25843 6.67637 20.2142 6.32834 19.9183 -4.42598 -2.26625 0.0627452 0.0907662 0.442245 0.395965 2.27893 0.258988
L 5.93707 19.7661 -4.56579 -2.31272 5.86119 19.8306 6.10823 19.8027 -4.38241 -2.35993 0.0638399 0.0905583 0.441244 0.394897 2.27893 0.637684
R 5.70021 19.6251 -4.54311 -2.49179 5.28178 19.5036 5.89034 19.6824 -4.33744 -2.45178 0.0651908 0.0904108 0.440304 0.393833 1.45449 0.637684
L 5.53682 19.5024 -4.36698 -2.58571 5.69089 19.5755 5.67472 19.5577 -4.29114 -2.5418 0.0658002 0.0902576 0.439148 0.39278 1.45449 1.73207
R 5.33489 19.3552 -4.27536 -2.72178 5.9506 18.9859 5.46145 19.4284 -4.24359 -2.62995 0.066276 0.0901749 0.437972 0.391781 1.69879 1.73207
L 5.12705 19.2564 -4.22066 -2.75229 5.17021 19.4397 5.25059 19.2948 -4.19488 -2.71622 0.0667131 0.0899774 0.436803 0.390741 1.69879 1.9058
R 4.94198 19.1397 -4.10397 -2.76899 5.87397 19.301 5.04219 19.157 -4.1451 -2.80059 0.0669356 0.0897467 0.435651 0.389707 3.99155 1.9058
L 4.78641 18.9894 -3.94375 -2.87413 4.89149 18.982 4.8363 19.015 -4.09432 -2.88305 0.0668569 0.0895282 0.434635 0.388675 3.99155 0.72067
R 4.57432 18.8394 -3.92075 -3.00083 3.98679 19.0452 4.63297 18.8689 -4.04263 -2.96359 0.0668163 0.0893179 0.433579 0.387661 1.47998 0.72067
L 4.40134 18.7105 -3.81873 -3.05116 4.4685 18.834 4.43224 18.7188 -3.99012 -3.0422 0.0666787 0.0890858 0.432621 0.386645 1.47998 1.06756
R 4.22624 18.5665 -3.71063 -3.08365 4.69245 18.4634 4.23416 18.5648 -3.93685 -3.11888 0.0665073 0.0888536 0.431801 0.385645 1.12681 1.06756
L 4.10809 18.4146 -3.51228 -3.15673 4.26269 18.481 4.03876 18.4071 -3.88293 -3.19362 0.0665222 0.0886248 0.431507 0.384654 1.12681 1.7203
R 3.91501 18.2405 -3.50749 -3.36461 3.42434 18.8357 3.84606 18.2457 -3.82841 -3.26644 0.066535 0.0883968 0.43101 0.383726 6.11737 1.7203
L 3.65018 18.0985 -3.62232 -3.40263 3.45919 18.167 3.65611 18.0807 -3.77339 -3.33732 0.0663655 0.0881791 0.430039 0.38277 6.11737 2.69274
R 3.49434 17.9458 -3.48901 -3.39922 4.3011 17.9267 3.46891 17.9122 -3.71795 -3.40627 0.0662209 0.0879866 0.429252 0.381792 3.12393 2.69274
L 3.26102 17.7769 -3.53951 -3.46749 3.12525 17.7493 3.28449 17.7402 -3.66215 -3.47331 0.0660738 0.0878019 0.428251 0.380822 3.12393 1.21686
R 3.07426 17.5929 -3.50201 -3.61064 2.65664 17.888 3.10287 17.565 -3.60609 -3.53844 0.0659381 0.0876024 0.427232 0.379894 1.9787 1.21686
L 2.90095 17.4813 -3.45257 -3.56715 2.9449 17.8154 2.92405 17.3866 -3.54982 -3.60167 0.0657926 0.0876395 0.426213 0.378946 1.9787 6.09053
R 2.75039 17.2675 -3.34068 -3.77227 3.26647 17.0897 2.74805 17.2051 -3.49344 -3.66302 0.0656281 0.0875314 0.425283 0.378076 2.80623 6.09053
L 2.57521 17.0798 -3.27869 -3.84152 2.55407 17.0853 2.57486 17.0205 -3.437 -3.72251 0.0654646 0.0874135 0.424371 0.377228 2.80623 0.0314954
R 2.41653 16.9128 -3.17788 -3.79019 2.55039 16.8884 2.4045 16.833 -3.38059 -3.78014 0.0653079 0.0873771 0.423559 0.376294 1.73254 0.0314954
L 2.25434 16.7417 -3.11689 -3.82331 2.25371 16.8334 2.23695 16.6427 -3.32428 -3.83595 0.0651582 0.0874381 0.422765 0.375367 1.73254 0.454587
R 2.08188 16.5486 -3.06599 -3.84048 1.57735 16.0489 2.07221 16.4497 -3.26812 -3.88995 0.0650019 0.087498 0.421965 0.374462 3.94694 0.454587
L 1.92441 16.3129 -2.98736 -3.96858 1.88972 16.1054 1.91027 16.254 -3.21219 -3.94216 0.0648506 0.0873815 0.421228 0.373552 3.94694 2.36925
R 1.77401 16.135 -2.91105 -3.94291 1.74362 16.2687 1.75112 16.0557 -3.15656 -3.99261 0.0647127 0.0873442 0.420552 0.37266 0.81154 2.36925
L 1.56752 15.9673 -2.9788 -3.9459 1.44745 16.0853 1.59474 15.8549 -3.10129 -4.04132 0.0645839 0.0874824 0.419621 0.371818 0.81154 1.75514
R 1.43294 15.7386 -2.88348 -4.11612 1.6097 15.5526 1.44111 15.6517 -3.04644 -4.08832 0.064431 0.0874794 0.418764 0.370928 1.67243 1.75514
L 1.25855 15.5164 -2.86987 -4.19367 1.18395 15.4284 1.29021 15.4463 -2.99207 -4.13364 0.064314 0.0874046 0.417846 0.370063 1.67243 0.758517
R 1.10319 15.3219 -2.82444 -4.19456 0.828993 15.528 1.14201 15.2386 -2.93825 -4.1773 0.0642165 0.0873856 0.416924 0.369183 0.863859 0.758517
L 0.887601 15.0984 -2.91371 -4.25905 0.722706 15.0075 0.996486 15.0288 -2.88503 -4.21933 0.0645012 0.08731 0.41594 0.368317 0.863859 2.18657
R 0.748422 14.916 -2.83574 -4.19225 1.03147 15.2134 0.853604 14.8169 -2.83246 -4.25977 0.0647531 0.0873694 0.414958 0.367477 2.21625 2.18657
L 0.650253 14.7032 -2.67914 -4.24051 0.737301 14.7047 0.71333 14.603 -2.78061 -4.29864 0.0647454 0.0874343 0.414041 0.366635 2.21625 0.499169
R 0.532257 14.4646 -2.57699 -4.37812 0.722177 14.2445 0.575628 14.3872 -2.72952 -4.33598 0.0646619 0.08739 0.413204 0.365789 1.36262 0.499169
L 0.356546 14.2399 -2.60727 -4.43016 0.253435 14.2029 0.440459 14.1696 -2.67925 -4.37181 0.0647647 0.0873183 0.412271 0.364959 1.36262 0.765281
R 0.222974 13.9884 -2.54309 -4.60739 -0.0328023 13.9604 0.307779 13.9502 -2.62984 -4.40617 0.0648718 0.0871546 0.411358 0.36437 2.30392 0.765281
L 0.216506 13.741 -2.1898 -4.66788 0.459172 13.6856 0.177545 13.7292 -2.58135 -4.43909 0.0647761 0.0869573 0.411269 0.363861 2.30392 4.07396
R 0.107203 13.4972 -2.10026 -4.77327 0.0524412 13.6377 0.0497099 13.5065 -2.53381 -4.47061 0.0647446 0.0867599 0.411374 0.363604 0.691648 4.07396
L -0.0593243 13.2643 -2.14896 -4.81105 -0.190344 13.2856 -0.0757753 13.2823 -2.48728 -4.50075 0.0646062 0.0865701 0.41107 0.363378 0.691648 1.16157
R -0.175039 13.0458 -2.08529 -4.75578 -0.275043 13.1456 -0.198962 13.0566 -2.44179 -4.52955 0.0644793 0.0863762 0.410838 0.362872 1.03654 1.16157
L -0.172276 12.8261 -1.77006 -4.75221 0.0462308 12.9301 -0.319903 12.8295 -2.39739 -4.55704 0.0650952 0.0861809 0.412074 0.362288 1.03654 3.70803
R -0.285959 12.6021 -1.73349 -4.69764 -0.684792 12.3563 -0.438654 12.6011 -2.35412 -4.58326 0.065752 0.0859866 0.413249 0.361553 2.8923 3.70803
L -0.404739 12.3667 -1.71945 -4.73375 -0.476482 12.3633 -0.555273 12.3714 -2.31202 -4.60823 0.0663744 0.0857942 0.414227 0.360839 2.8923 0.338716
R -0.521505 12.1554 -1.71095 -4.68612 -0.972122 12.5207 -0.669818 12.1404 -2.27111 -4.63198 0.0669633 0.0856083 0.414992 0.360051 3.162 0.338716
L -0.598075 11.9406 -1.61999 -4.68343 -0.582624 12.0386 -0.78235 11.9083 -2.23144 -4.65456 0.0679344 0.0854449 0.416071 0.359255 3.162 0.528641
R -0.71908 11.7118 -1.63458 -4.68011 -1.26757 11.6495 -0.892931 11.6751 -2.19304 -4.67598 0.0687633 0.0852906 0.416808 0.35846 2.78584 0.528641
L -0.917665 11.464 -1.82659 -4.72571 -1.17212 11.3988 -1.00163 11.4409 -2.15594 -4.69628 0.0688376 0.0851164 0.416463 0.357675 2.78584 4.44808
R -1.01166 11.242 -1.77956 -4.64692 -0.891441 10.959 -1.1085 11.2057 -2.12017 -4.71549 0.0689853 0.0849636 0.416161 0.356918 2.2497 4.44808
L -1.19144 11.0138 -1.93333 -4.65648 -1.39289 11.0424 -1.21362 10.9695 -2.08575 -4.73364 0.0688501 0.0848285 0.415373 0.356175 2.2497 2.6706
R -1.27594 10.7674 -1.85735 -4.75598 -1.29894 10.9012 -1.31706 10.7324 -2.05273 -4.75075 0.0687538 0.0846752 0.414669 0.3554 0.997495 2.6706
L -1.40862 10.5098 -1.9001 -4.80523 -1.49687 10.4198 -1.41889 10.4945 -2.02111 -4.76686 0.0686081 0.0844977 0.413847 0.354638 0.997495 0.94562
R -1.50281 10.2481 -1.84729 -4.90007 -1.59293 10.0212 -1.51917 10.2559 -1.99093 -4.78198 0.0684685 0.084317 0.413062 0.353958 1.01258 0.94562
L -1.59878 10.0426 -1.81168 -4.85704 -1.61875 10.2374 -1.61797 10.0165 -1.96221 -4.79615 0.068333 0.0841532 0.412293 0.35322 1.01258 2.05118
R -1.68393 9.81311 -1.75733 -4.82862 -1.59702 9.96554 -1.71539 9.77637 -1.93498 -4.80939 0.0682178 0.0840076 0.411575 0.352467 0.459241 2.05118
L -1.75724 9.59647 -1.68147 -4.80557 -1.73381 9.71347 -1.81147 9.53564 -1.90924 -4.82172 0.0681644 0.0839225 0.410967 0.351718 0.459241 0.77609
R -1.87256 9.34166 -1.70243 -4.88802 -2.27191 9.37316 -1.90631 9.29431 -1.88502 -4.83316 0.0680553 0.0838012 0.410267 0.35099 2.44454 0.77609
L -1.95723 9.04122 -1.65167 -4.99191 -1.93833 8.77028 -1.99998 9.05243 -1.86233 -4.84374 0.0679684 0.0836274 0.409629 0.350381 2.44454 3.95184
R -2.03755 8.81861 -1.61056 -4.91644 -1.96565 9.13274 -2.09256 8.81003 -1.8412 -4.85347 0.0679191 0.0834534 0.409041 0.349668 1.61672 3.95184
L -2.13527 8.56595 -1.60669 -4.94408 -2.1768 8.5411 -2.18412 8.56717 -1.82164 -4.86238 0.0678504 0.0832786 0.408421 0.348976 1.61672 0.145347
R -2.26663 8.30983 -1.68571 -4.96899 -2.65862 8.19477 -2.27474 8.32388 -1.80365 -4.87047 0.067711 0.0831099 0.407641 0.348306 2.84189 0.145347
L -2.31007 8.08068 -1.55633 -4.94625 -2.21875 8.15339 -2.3645 8.0802 -1.78726 -4.87778 0.0676612 0.0829373 0.407066 0.347611 2.84189 0.830152
R -2.36563 7.86751 -1.47181 -4.88307 -2.273 8.52315 -2.45348 7.83617 -1.77248 -4.8843 0.0677571 0.0827903 0.406684 0.346892 4.43367 0.830152
L -2.48297 7.61543 -1.53175 -4.916 -2.59674 7.60288 -2.54177 7.59184 -1.75931 -4.89006 0.0677226 0.0826336 0.406108 0.346181 4.43367 0.812768
R -2.64063 7.37923 -1.70262 -4.84308 -3.08256 7.38874 -2.62944 7.34723 -1.74777 -4.89507 0.0675875 0.0824896 0.405286 0.345487 5.51654 0.812768
L -2.7472 7.12202 -1.73222 -4.87685 -2.79865 7.064 -2.71658 7.10238 -1.73786 -4.89933 0.0674778 0.0823306 0.404458 0.344784 5.51654 0.35647
R -2.80858 6.88773 -1.64563 -4.89224 -2.79412 7.20818 -2.80326 6.85734 -1.72958 -4.90286 0.0673414 0.0821859 0.40367 0.344083 1.31905 0.35647
L -2.84631 6.68855 -1.52058 -4.81783 -2.74651 6.86867 -2.88957 6.61214 -1.72295 -4.90566 0.0672612 0.0821634 0.403058 0.343432 1.31905 2.44285
R -2.90084 6.47405 -1.46755 -4.71322 -2.57673 6.36755 -2.97559 6.36681 -1.71797 -4.90774 0.0672931 0.0822798 0.402559 0.342961 3.33798 2.44285
L -2.95626 6.23917 -1.40502 -4.71461 -2.90217 6.22989 -3.0614 6.12139 -1.71464 -4.90911 0.0674876 0.082453 0.402229 0.342494 3.33798 0.175487
R -3.07762 5.98716 -1.491 -4.77206 -3.50172 6.10796 -3.14709 5.87592 -1.71297 -4.90976 0.0674957 0.0825881 0.401669 0.341919 3.54415 0.175487
L -3.16493 5.70721 -1.50163 -4.85062 -3.1778 5.53101 -3.23274 5.63043 -1.71295 -4.9097 0.0674969 0.0825658 0.40109 0.341257 3.54415 1.71925
R -3.27354 5.46222 -1.58624 -4.81068 -3.19736 5.19093 -3.31843 5.38496 -1.71458 -4.90893 0.0674222 0.0825454 0.400375 0.340636 2.01378 1.71925
L -3.37394 5.19731 -1.62487 -4.86114 -3.43031 5.10507 -3.40424 5.13955 -1.71787 -4.90745 0.0673158 0.0824621 0.399626 0.339975 2.01378 0.673347
R -3.44407 4.95202 -1.57972 -4.88259 -3.4281 4.94644 -3.49026 4.89422 -1.72281 -4.90525 0.0672456 0.0823795 0.398939 0.339308 0.119723 0.673347
L -3.56504 4.66725 -1.66569 -4.96991 -3.69435 4.52196 -3.57657 4.64902 -1.72939 -4.90233 0.0671175 0.0822257 0.398176 0.338668 0.119723 2.18741
R -3.67525 4.41541 -1.75519 -4.93617 -3.50501 4.17643 -3.66325 4.40398 -1.73763 -4.89868 0.0669905 0.0820681 0.397399 0.338014 1.8395 2.18741
L -3.81466 4.13896 -1.87433 -5.00382 -4.00238 4.04684 -3.75039 4.15913 -1.74749 -4.8943 0.0669801 0.0819179 0.396704 0.337425 1.8395 2.49633
R -3.8939 3.89804 -1.82095 -5.00561 -4.06447 4.10977 -3.83806 3.91452 -1.75899 -4.88918 0.0669405 0.0817654 0.395953 0.336848 0.953425 2.49633
L -3.96303 3.67058 -1.77016 -4.9562 -3.88053 3.75177 -3.92635 3.67019 -1.77212 -4.8833 0.0668501 0.0816074 0.395188 0.336228 0.953425 0.75752
R -4.057 3.46897 -1.8053 -4.84239 -4.23729 3.88878 -4.01533 3.42616 -1.78686 -4.87666 0.0667714 0.0814936 0.394429 0.335588 3.69333 0.75752
L -4.14817 3.22552 -1.81108 -4.84418 -4.15119 3.21968 -4.10509 3.18248 -1.8032 -4.86925 0.0666967 0.081381 0.393673 0.334948 3.69333 0.00242636
R -4.26599 2.96817 -1.90163 -4.8609 -4.27467 2.88187 -4.19571 2.93919 -1.82113 -4.86104 0.0667107 0.0812452 0.392953 0.334308 0.79805 0.00242636
L -4.35646 2.69037 -1.90569 -4.92504 -4.32451 2.55034 -4.28727 2.69633 -1.84065 -4.85202 0.0667203 0.0810915 0.392225 0.333702 0.79805 1.14163
R -4.44437 2.44161 -1.88832 -4.93036 -4.38481 2.39989 -4.37985 2.45393 -1.86173 -4.84218 0.0667121 0.0809413 0.391485 0.333114 0.0997765 1.14163
L -4.55164 2.1742 -1.92055 -4.97657 -4.61223 2.09192 -4.47352 2.21205 -1.88436 -4.83149 0.0667589 0.0808219 0.390752 0.332604 0.0997765 0.575508
R -4.66146 1.94598 -2.02074 -4.90932 -4.29257 1.92854 -4.56836 1.97072 -1.90853 -4.81994 0.0668773 0.0806841 0.390078 0.332023 3.51607 0.575508
L -4.77997 1.66754 -2.0711 -4.9793 -4.86829 1.53442 -4.66444 1.72998 -1.93422 -4.80751 0.0671253 0.0806234 0.389437 0.331568 3.51607 1.39843
R -4.90321 1.41586 -2.15951 -4.97606 -4.98165 1.43611 -4.76186 1.48989 -1.9614 -4.79417 0.0675541 0.0805998 0.388898 0.331135 0.470768 1.39843
L -4.95505 1.18836 -2.07776 -4.90414 -4.66779 1.28643 -4.86066 1.25049 -1.99007 -4.7799 0.0676735 0.080539 0.388211 0.330606 0.470768 4.90876
R -5.05011 0.977403 -2.0721 -4.81933 -4.98594 1.10894 -4.96095 1.01182 -2.02019 -4.76468 0.0677657 0.080417 0.387504 0.33001 1.11341 4.90876
L -5.10484 0.750819 -2.00633 -4.76611 -4.85498 0.825661 -5.06277 0.77393 -2.05174 -4.74848 0.0676888 0.0802808 0.386799 0.329402 1.11341 3.6172
R -5.20431 0.44808 -2.03768 -4.90503 -4.84736 0.18101 -5.16621 0.536876 -2.08471 -4.73127 0.0676038 0.0803137 0.386097 0.328965 4.72346 3.6172
L -5.27603 0.211115 -2.00168 -4.87338 -5.1231 0.257311 -5.27133 0.300706 -2.11906 -4.71303 0.0674805 0.0803497 0.385455 0.328505 4.72346 1.35758
R -5.38214 -0.0224062 -1.98682 -4.84138 -5.99809 -0.290765 -5.3782 0.0654719 -2.15477 -4.69374 0.0673576 0.0803784 0.384885 0.328026 29.1572 1.35758
L -5.45117 -0.256218 -1.94763 -4.81351 -5.29972 -0.212982 -5.4869 -0.168772 -2.1918 -4.67335 0.0672696 0.0804052 0.384466 0.327538 29.1572 1.32258
R -5.57079 -0.431184 -2.0342 -4.67212 -5.64447 -0.144522 -5.59748 -0.401971 -2.23014 -4.65185 0.0671668 0.0802787 0.38395 0.326947 3.82882 1.32258
L -5.70993 -0.610389 -2.1276 -4.54841 -5.85359 -0.445801 -5.71001 -0.634069 -2.26974 -4.62919 0.0670455 0.0801463 0.383352 0.326392 3.82882 2.75416
R -5.82836 -0.842847 -2.24652 -4.57328 -5.30947 -0.724468 -5.82456 -0.865006 -2.31058 -4.60536 0.0669251 0.0800131 0.382681 0.32581 4.3999 2.75416
L -5.92493 -1.11658 -2.23567 -4.65855 -5.87835 -1.26863 -5.94118 -1.09472 -2.35262 -4.58032 0.0668122 0.0798803 0.382059 0.32526 4.3999 1.46567
R -6.01662 -1.38926 -2.2168 -4.73693 -5.68069 -1.52871 -6.05993 -1.32316 -2.39581 -4.55404 0.066743 0.0798353 0.381526 0.324862 2.45457 1.46567
L -6.15758 -1.59564 -2.30292 -4.65861 -6.27263 -1.50938 -6.18087 -1.55025 -2.44014 -4.52648 0.0666386 0.0797391 0.380935 0.324379 2.45457 1.1865
R -6.3006 -1.84054 -2.46961 -4.70947 -6.11355 -1.75966 -6.30406 -1.77593 -2.48555 -4.49762 0.0665206 0.0796905 0.38026 0.324049 3.29712 1.1865
L -6.40697 -2.09205 -2.46657 -4.73022 -6.34007 -2.13685 -6.42954 -2.00014 -2.532 -4.46742 0.0664166 0.079737 0.379607 0.323853 3.29712 0.374155
R -6.5552 -2.29326 -2.54467 -4.62607 -6.99344 -2.17445 -6.55738 -2.22281 -2.57946 -4.43585 0.0662997 0.0797062 0.378944 0.32348 2.85192 0.374155
L -6.7069 -2.50184 -2.63156 -4.55242 -6.79288 -2.4458 -6.68761 -2.44386 -2.62788 -4.40288 0.0661931 0.0796403 0.378279 0.323033 2.85192 0.614018
R -6.86038 -2.71564 -2.72583 -4.50199 -7.14408 -2.67584 -6.82029 -2.66323 -2.6772 -4.36847 0.0661198 0.0795613 0.377628 0.322565 1.02899 0.614018
L -6.95261 -2.98599 -2.66917 -4.58723 -6.8003 -3.10086 -6.95546 -2.88084 -2.7274 -4.3326 0.0660047 0.0796648 0.376985 0.322353 1.02899 2.15644
R -7.08137 -3.20886 -2.67297 -4.54063 -7.13937 -3.22028 -7.09316 -3.09663 -2.7784 -4.29523 0.0658937 0.0798008 0.376381 0.322117 0.236286 2.15644
L -7.2049 -3.3987 -2.70316 -4.44576 -7.12118 -3.26434 -7.23344 -3.3105 -2.83017 -4.25632 0.065801 0.0798314 0.375804 0.321753 0.236286 1.37191
R -7.34733 -3.64847 -2.7371 -4.48091 -7.77186 -4.08999 -7.37632 -3.5224 -2.88265 -4.21586 0.0657095 0.0800368 0.375252 0.321574 3.50393 1.37191
L -7.505 -3.779 -2.84318 -4.25942 -7.49009 -3.49081 -7.52184 -3.73223 -2.93579 -4.1738 0.0656039 0.0799461 0.374646 0.32106 3.50393 4.87672
R -7.65091 -3.98954 -2.90946 -4.24046 -7.52393 -3.88213 -7.67004 -3.93992 -2.98953 -4.13012 0.0655011 0.0798619 0.374034 0.320575 0.370582 4.87672
L -7.80897 -4.22015 -2.96576 -4.24762 -7.88049 -4.29783 -7.82094 -4.14538 -3.04381 -4.08479 0.0653929 0.0798451 0.373423 0.320169 0.370582 0.600214
R -7.9592 -4.43878 -3.00288 -4.23011 -8.08524 -4.57834 -7.97457 -4.34854 -3.09857 -4.03778 0.0652878 0.0798828 0.372829 0.319821 0.32122 0.600214
L -8.1254 -4.67999 -3.05953 -4.25864 -8.22492 -4.79812 -8.13095 -4.5493 -3.15376 -3.98906 0.0651778 0.0801094 0.372237 0.319664 0.32122 1.2889
R -8.26525 -4.87808 -3.0102 -4.15701 -8.453 -4.95621 -8.2901 -4.74759 -3.2093 -3.93862 0.0650837 0.0803328 0.371788 0.319376 2.02435 1.2889
L -8.39813 -5.09524 -3.00907 -4.15747 -8.33552 -5.1059 -8.45204 -4.94331 -3.26514 -3.88641 0.0650493 0.0806805 0.371459 0.319225 2.02435 0.234847
R -8.54791 -5.25711 -3.01027 -4.00661 -8.55062 -4.79248 -8.61678 -5.13637 -3.32121 -3.83242 0.0650625 0.0808482 0.371272 0.318849 3.31421 0.234847
L -8.74103 -5.4586 -3.11941 -3.96958 -8.91477 -5.51752 -8.78433 -5.32669 -3.37745 -3.77663 0.0650019 0.0810726 0.370951 0.318511 3.31421 1.82567
R -8.90055 -5.65315 -3.15161 -3.9248 -9.04115 -5.69364 -8.95469 -5.51417 -3.43377 -3.71901 0.0649687 0.0813341 0.37069 0.318202 0.223686 1.82567
L -9.0564 -5.83833 -3.18734 -3.87569 -9.03391 -5.80267 -9.12788 -5.69872 -3.49012 -3.65955 0.0649914 0.0815966 0.370485 0.317917 0.223686 0.0974404
R -9.20055 -5.99091 -3.16648 -3.73888 -8.86897 -5.41973 -9.30388 -5.88026 -3.54643 -3.59823 0.0651556 0.0817099 0.370517 0.317493 4.59057 0.0974404
L -9.37189 -6.08916 -3.24723 -3.52989 -9.30811 -5.82368 -9.4827 -6.05868 -3.60261 -3.53503 0.0653588 0.0815937 0.370468 0.316969 4.59057 4.3133
R -9.54703 -6.27028 -3.31607 -3.50431 -9.80646 -6.41174 -9.66432 -6.23389 -3.6586 -3.46994 0.065597 0.0814862 0.37038 0.316453 0.765764 4.3133
L -9.68681 -6.48005 -3.30016 -3.54621 -9.62547 -6.55958 -9.84874 -6.4058 -3.71431 -3.40295 0.0661426 0.0814635 0.370532 0.316041 0.765764 0.647431
R -9.90578 -6.64129 -3.48628 -3.49441 -10.6688 -6.35543 -10.0359 -6.57431 -3.76969 -3.33404 0.0664523 0.0814204 0.37028 0.315657 6.33053 0.647431
L -10.1108 -6.80988 -3.58379 -3.42787 -10.2246 -6.83402 -10.2259 -6.73933 -3.82463 -3.26321 0.0666683 0.0813873 0.369932 0.315282 6.33053 0.747448
R -10.2975 -6.97271 -3.66465 -3.38112 -10.2205 -6.71044 -10.4186 -6.90075 -3.87907 -3.19046 0.0669166 0.0813585 0.369533 0.314958 0.786351 0.747448
L -10.5322 -7.16036 -3.79547 -3.34756 -10.7616 -7.29159 -10.614 -7.05849 -3.93293 -3.11577 0.06697 0.0814332 0.369018 0.314724 0.786351 3.73771
R -10.7382 -7.30292 -3.88437 -3.24608 -10.8944 -6.83335 -10.8121 -7.21245 -3.98613 -3.03916 0.0669933 0.081464 0.368467 0.314436 1.7742 3.73771
L -10.9893 -7.4707 -4.03045 -3.17315 -11.2219 -7.56979 -11.0128 -7.36252 -4.03859 -2.96062 0.0668989 0.0815639 0.367875 0.314161 1.7742 3.45207
R -11.1787 -7.61058 -4.03011 -3.06247 -10.986 -7.3707 -11.2161 -7.50862 -4.09021 -2.88015 0.0668252 0.0816374 0.3673 0.313827 1.09222 3.45207
L -11.3236 -7.761 -3.97388 -3.02816 -11.0934 -7.6776 -11.422 -7.65064 -4.14093 -2.79777 0.06695 0.0817453 0.366835 0.313596 1.09222 3.25414
R -11.52 -7.88863 -4.00492 -2.91834 -11.4213 -7.46085 -11.6304 -7.78849 -4.19066 -2.71349 0.0671334 0.0818104 0.3664 0.313309 1.47973 3.25414
L -11.6942 -7.98962 -4.0097 -2.78434 -11.5269 -7.8215 -11.8413 -7.92208 -4.23932 -2.6273 0.0675369 0.081769 0.366047 0.312937 1.47973 3.02261
R -11.8856 -8.10335 -3.98528 -2.6419 -11.9422 -7.88317 -12.0546 -8.05131 -4.28682 -2.53924 0.0680963 0.081692 0.365861 0.312494 1.29373 3.02261
L -12.0977 -8.1932 -4.05333 -2.49254 -12.09 -8.08828 -12.2702 -8.17609 -4.33309 -2.44932 0.0686751 0.0815687 0.365621 0.312011 1.29373 0.676456
R -12.3267 -8.32259 -4.21554 -2.4769 -12.4462 -8.02117 -12.4881 -8.29633 -4.37802 -2.35756 0.0691613 0.0814537 0.365159 0.311591 2.51481 0.676456
L -12.527 -8.40205 -4.24362 -2.32467 -12.4231 -8.2599 -12.7082 -8.41193 -4.42156 -2.26399 0.0697937 0.0813278 0.364723 0.311121 2.51481 1.69753
R -12.7304 -8.49134 -4.2225 -2.17199 -12.7461 -8.19449 -12.9304 -8.5228 -4.4636 -2.16863 0.0705762 0.0812197 0.364402 0.310635 1.29297 1.69753
L -13.0146 -8.58483 -4.38627 -2.02885 -13.2911 -8.64594 -13.1547 -8.62886 -4.50407 -2.07151 0.0708992 0.0811303 0.363893 0.31016 1.29297 4.41987
R -13.2631 -8.6846 -4.51109 -1.95093 -13.7929 -8.47158 -13.381 -8.73002 -4.54289 -1.97267 0.0710934 0.0810438 0.363332 0.30968 2.36543 4.41987
L -13.4819 -8.7301 -4.54018 -1.76192 -13.384 -8.57583 -13.6092 -8.82619 -4.57997 -1.87214 0.0713359 0.0810946 0.362776 0.309261 2.36543 1.85582
R -13.6942 -8.77765 -4.48559 -1.55713 -13.6376 -8.26344 -13.8392 -8.91729 -4.61524 -1.76997 0.07168 0.0813401 0.362287 0.30901 3.02604 1.85582
L -13.925 -8.88692 -4.52735 -1.52494 -13.9959 -8.99264 -14.0709 -9.00324 -4.64861 -1.6662 0.0720261 0.0814708 0.361792 0.308634 3.02604 0.899307
R -14.1801 -8.97483 -4.68234 -1.48818 -14.4737 -8.79552 -14.3043 -9.08395 -4.68001 -1.56086 0.0722438 0.08157 0.361236 0.308186 2.43391 0.899307
L -14.4068 -9.08628 -4.69479 -1.47923 -14.4273 -9.1875 -14.5391 -9.15936 -4.70936 -1.45402 0.0725038 0.0815454 0.360685 0.307718 2.43391 0.6454
R -14.6345 -9.15795 -4.68843 -1.37788 -14.5757 -9.32634 -14.7754 -9.22939 -4.73658 -1.34573 0.0728098 0.0815165 0.360144 0.307253 0.275775 0.6454
L -14.9237 -9.15713 -4.81038 -1.11254 -15.062 -9.04396 -15.013 -9.29397 -4.76161 -1.23603 0.0728656 0.0817414 0.359606 0.306862 0.275775 2.09246
R -15.1802 -9.22691 -4.86195 -1.03621 -15.6189 -9.69365 -15.2517 -9.35302 -4.78436 -1.125 0.0728615 0.0819121 0.359087 0.306435 3.32728 2.09246
L -15.4532 -9.34402 -4.92743 -1.06336 -15.6682 -9.56749 -15.4916 -9.40649 -4.80476 -1.01269 0.072782 0.0818604 0.358607 0.305985 3.32728 5.23472
R -15.6916 -9.37608 -4.86749 -0.890966 -15.9382 -9.35751 -15.7324 -9.45431 -4.82275 -0.899159 0.0727068 0.0818497 0.358075 0.305524 1.78404 5.23472
L -15.9532 -9.46077 -4.91197 -0.871772 -16.0862 -9.59819 -15.9741 -9.49642 -4.83827 -0.784484 0.0726065 0.08175 0.35756 0.305102 1.78404 1.99464
R -16.202 -9.47301 -4.89672 -0.689106 -16.6033 -8.85459 -16.2164 -9.53277 -4.85124 -0.668734 0.072502 0.081693 0.357033 0.304647 2.22614 1.99464
L -16.4517 -9.46573 -4.91894 -0.498743 -16.4229 -9.37029 -16.4594 -9.5633 -4.8616 -0.55198 0.072395 0.081745 0.356513 0.304206 2.22614 0.600643
R -16.6687 -9.47293 -4.85129 -0.356957 -16.011 -9.33486 -16.7027 -9.58797 -4.8693 -0.434301 0.072311 0.0818642 0.355984 0.303782 3.91339 0.600643
L -16.9565 -9.4561 -4.9299 -0.156175 -17.1132 -9.43043 -16.9464 -9.60673 -4.87427 -0.315773 0.0722057 0.0821534 0.355468 0.303456 3.91339 1.47294
R -17.2074 -9.51013 -4.97516 -0.160092 -16.9255 -10.8571 -17.1903 -9.61954 -4.87646 -0.196479 0.0721047 0.0822473 0.354982 0.303013 6.9941 1.47294
L -17.4697 -9.52725 -4.99999 -0.0693481 -17.5448 -9.57485 -17.4342 -9.62636 -4.87583 -0.0765024 0.0720241 0.0823022 0.354523 0.302566 6.9941 0.422876
R -17.7243 -9.51755 -4.97613 0.0795444 -18.1371 -9.39146 -17.6781 -9.62717 -4.87232 0.0440703 0.0719619 0.0823958 0.354046 0.302127 1.32264 0.422876
L -17.9785 -9.48369 -4.98108 0.252991 -17.9724 -9.42299 -17.9216 -9.62194 -4.86588 0.165151 0.0719224 0.0826148 0.353581 0.301721 1.32264 0.236484
R -18.2201 -9.45072 -4.92473 0.418632 -18.3083 -9.18778 -18.1648 -9.61064 -4.85648 0.286648 0.0718793 0.0829459 0.353083 0.301364 0.619549 0.236484
L -18.4163 -9.49555 -4.83847 0.368832 -18.2763 -9.60997 -18.4074 -9.59325 -4.84408 0.40847 0.071776 0.0829928 0.352568 0.300932 0.619549 2.11094
R -18.6542 -9.48379 -4.85855 0.441228 -18.2443 -9.58547 -18.6493 -9.56977 -4.82864 0.530522 0.0716721 0.0830016 0.352059 0.300533 1.38591 2.11094
L -18.9043 -9.47276 -4.86072 0.519645 -18.9545 -9.51544 -18.8904 -9.54017 -4.81012 0.652707 0.0715721 0.0829606 0.351559 0.300183 1.38591 0.236323
R -19.1375 -9.43681 -4.85796 0.626111 -18.6983 -9.02886 -19.1305 -9.50447 -4.78851 0.774927 0.0714696 0.0829205 0.35107 0.299855 2.99354 0.236323
L -19.3824 -9.31338 -4.83963 0.922623 -19.2983 -9.09865 -19.3694 -9.46265 -4.76378 0.897083 0.07137 0.0831878 0.350588 0.299426 2.99354 3.20685
R -19.6144 -9.24254 -4.7603 1.09279 -19.7037 -8.79906 -19.6069 -9.41472 -4.73591 1.01907 0.0712685 0.0835794 0.350086 0.299022 1.02699 3.20685
L -19.8684 -9.11497 -4.74477 1.36658 -19.8731 -8.96417 -19.8431 -9.36071 -4.70487 1.1408 0.0711793 0.0844898 0.349591 0.298837 1.02699 1.48382
R -20.1083 -9.01391 -4.7095 1.55492 -20.3815 -7.6755 -20.0775 -9.30061 -4.67066 1.26215 0.0710965 0.0857495 0.349097 0.29882 4.81724 1.48382
L -20.2717 -9.14959 -4.58576 1.19368 -20.1607 -9.59663 -20.3102 -9.23446 -4.63328 1.38303 0.071025 0.085747 0.348609 0.298565 4.81724 14.0816
R -20.5087 -9.10735 -4.59618 1.24709 -20.4587 -9.7448 -20.5409 -9.16227 -4.59271 1.50334 0.0709448 0.0856751 0.348113 0.298454 1.3859 14.0816
L -20.7296 -9.007 -4.55386 1.41536 -20.6596 -8.91527 -20.7696 -9.08409 -4.54895 1.62296 0.0708762 0.085652 0.34762 0.298235 1.3859 0.761163
R -20.9697 -8.92614 -4.5329 1.53749 -21.5568 -8.5005 -20.9959 -8.99994 -4.50202 1.74179 0.0707897 0.0856208 0.347133 0.298012 2.06178 0.761163
L -21.162 -8.85695 -4.44692 1.6052 -21.0195 -8.85081 -21.2198 -8.90987 -4.45191 1.85972 0.0707564 0.0855463 0.346643 0.297898 2.06178 1.11105
R -21.3927 -8.77098 -4.40919 1.71645 -21.8628 -8.64129 -21.4412 -8.81393 -4.39865 1.97666 0.0707036 0.0854564 0.346157 0.297799 1.51081 1.11105
L -21.5823 -8.74712 -4.33085 1.67095 -21.5029 -8.87191 -21.6597 -8.71217 -4.34224 2.0925 0.0707234 0.0853566 0.345672 0.298217 1.51081 1.43447
R -21.7724 -8.61836 -4.16697 1.85933 -21.9514 -7.41274 -21.8754 -8.60465 -4.2827 2.20712 0.0708342 0.0852404 0.345243 0.298367 5.67696 1.43447
L -21.977 -8.53788 -4.12166 1.92402 -21.9793 -8.57089 -22.0881 -8.49143 -4.22007 2.32043 0.0709778 0.0851569 0.344801 0.298685 5.67696 0.0703785
R -22.188 -8.43229 -4.11919 2.02689 -22.1914 -7.70392 -22.2975 -8.37258 -4.15437 2.43232 0.0711134 0.0850968 0.344327 0.299034 1.79585 0.0703785
L -22.4265 -8.32763 -4.12587 2.13069 -22.5838 -8.35296 -22.5035 -8.24817 -4.08564 2.5427 0.0711305 0.0850816 0.343856 0.299406 1.79585 1.36529
R -22.6166 -8.21806 -4.03028 2.22433 -22.3177 -8.57758 -22.7061 -8.11829 -4.01391 2.65145 0.0711877 0.0851257 0.343382 0.299834 0.768612 1.36529
L -22.8657 -7.96253 -4.01635 2.6297 -22.9861 -7.6724 -22.9049 -7.98301 -3.93923 2.75848 0.0711195 0.0850152 0.342932 0.299497 0.768612 6.47974
R -23.0526 -7.81802 -3.85226 2.76702 -23.2693 -8.32031 -23.1 -7.84243 -3.86163 2.8637 0.071065 0.084908 0.342461 0.299128 3.03171 6.47974
L -23.2896 -7.63322 -3.8318 2.97982 -23.4777 -7.56583 -23.2911 -7.69663 -3.78118 2.967 0.0709677 0.0848565 0.342002 0.298719 3.03171 2.29522
R -23.4909 -7.48786 -3.8185 3.06393 -23.473 -7.02103 -23.4781 -7.54572 -3.69792 3.06828 0.0708738 0.0847944 0.341593 0.298311 1.30501 2.29522
L -23.6536 -7.34598 -3.6991 3.12769 -23.5408 -7.36069 -23.6609 -7.3898 -3.61191 3.16746 0.0707782 0.0847097 0.341158 0.297911 1.30501 0.714141
R -23.8452 -7.18223 -3.64382 3.23485 -24.0505 -6.56968 -23.8393 -7.22897 -3.52321 3.26445 0.0706826 0.0846296 0.340752 0.29751 0.849874 0.714141
L -24.0015 -7.09715 -3.54345 3.15964 -23.9384 -7.26171 -24.0132 -7.06336 -3.43189 3.35916 0.0705894 0.0845332 0.340339 0.297288 0.849874 2.02408
R -24.1702 -6.91613 -3.42546 3.29201 -24.3577 -5.94086 -24.1825 -6.89307 -3.33801 3.45149 0.0704969 0.0844274 0.339909 0.297002 1.97224 2.02408
L -24.3341 -6.65348 -3.29793 3.5748 -24.2574 -6.4352 -24.347 -6.71823 -3.24166 3.54138 0.070405 0.0843805 0.339464 0.296606 1.97224 3.32605
R -24.4982 -6.47738 -3.16911 3.66141 -24.788 -7.18367 -24.5066 -6.53896 -3.14289 3.62873 0.0703116 0.0843275 0.33901 0.296212 2.80119 3.32605
L -24.5874 -6.34743 -2.97759 3.6183 -24.3008 -6.43799 -24.6612 -6.35538 -3.0418 3.71347 0.0703214 0.0842154 0.338571 0.295856 2.80119 5.08412
R -24.7289 -6.16133 -2.86671 3.70569 -24.6108 -6.00878 -24.8107 -6.16764 -2.93846 3.79553 0.0703548 0.0841033 0.338139 0.295497 0.218559 5.08412
L -24.9194 -5.9499 -2.83316 3.84799 -25.146 -5.91902 -24.955 -5.97587 -2.83295 3.87484 0.070285 0.0840018 0.337688 0.295106 0.218559 2.86073
R -25.0525 -5.74484 -2.71856 3.94502 -24.8975 -5.02285 -25.094 -5.7802 -2.72537 3.95132 0.0702241 0.0839099 0.337238 0.294713 1.57407 2.86073
L -25.1846 -5.57594 -2.6159 3.95968 -25.1941 -5.64372 -25.2276 -5.58079 -2.61581 4.02492 0.0701657 0.0837989 0.336791 0.294341 1.57407 0.298729
R -25.3357 -5.38742 -2.58879 4.00852 -25.5328 -5.4399 -25.3556 -5.37777 -2.50435 4.09557 0.0700803 0.0836894 0.336373 0.293986 1.02566 0.298729
L -25.4831 -5.15738 -2.5084 4.13539 -25.5713 -5.10241 -25.4779 -5.1713 -2.39109 4.16322 0.0699883 0.083582 0.335983 0.293601 1.02566 0.629679
R -25.6145 -4.98069 -2.4752 4.13212 -25.0178 -6.55904 -25.5946 -4.96152 -2.27613 4.22781 0.0699036 0.0834777 0.335696 0.293256 6.07191 0.629679
L -25.7259 -4.81289 -2.36816 4.11048 -25.6952 -4.89995 -25.7055 -4.7486 -2.15956 4.2893 0.0698196 0.0834332 0.335426 0.293014 6.07191 0.547577
R -25.8474 -4.60607 -2.29617 4.16612 -25.8162 -4.40681 -25.8105 -4.53268 -2.04149 4.34764 0.0697537 0.0834084 0.33524 0.292777 0.222694 0.547577
L -25.9604 -4.35635 -2.18678 4.29832 -25.9516 -4.26659 -25.9096 -4.31392 -1.92202 4.40279 0.0697109 0.0833277 0.335075 0.292444 0.222694 0.521424
R -26.0654 -4.13557 -2.00205 4.36483 -26.8953 -4.43966 -26.0027 -4.0925 -1.80125 4.45471 0.0696936 0.0832481 0.334795 0.292099 8.34184 0.521424
L -26.1586 -3.84269 -1.85411 4.55771 -26.1198 -3.67723 -26.0897 -3.86856 -1.67928 4.50337 0.0696915 0.0831504 0.334479 0.291732 8.34184 1.83052
R -26.2318 -3.60547 -1.63014 4.62447 -26.5652 -3.85723 -26.1706 -3.64227 -1.55623 4.54875 0.0696708 0.0830637 0.334066 0.29138 2.84511 1.83052
L -26.2569 -3.33802 -1.391 4.72231 -25.9974 -3.24722 -26.2453 -3.41381 -1.4322 4.59081 0.0695833 0.0830458 0.333641 0.29108 2.84511 4.11221
R -26.3079 -3.0929 -1.18498 4.77666 -26.2976 -3.01078 -26.3138 -3.18332 -1.30729 4.62954 0.0694942 0.0830656 0.333269 0.2908 0.444835 4.11221
L -26.3301 -2.86294 -0.98353 4.78245 -26.1741 -2.87885 -26.376 -2.95098 -1.18162 4.66493 0.0694438 0.0830788 0.332992 0.290487 0.444835 1.32933
R -26.3863 -2.63699 -0.868385 4.7872 -26.4681 -3.44967 -26.4319 -2.71697 -1.05529 4.69696 0.0693932 0.083071 0.332699 0.290151 1.34492 1.32933
L -26.4663 -2.49915 -0.823639 4.63101 -26.674 -2.73852 -26.4815 -2.48143 -0.928411 4.72562 0.0693086 0.0829695 0.332315 0.289819 1.34492 5.92288
R -26.5199 -2.26423 -0.737188 4.66149 -26.657 -1.72382 -26.5247 -2.24456 -0.80109 4.75091 0.0692206 0.0828696 0.331907 0.289484 0.873097 5.92288
L -26.5725 -2.07343 -0.646522 4.60515 -26.6691 -2.17333 -26.5616 -2.0065 -0.673434 4.77284 0.0691346 0.0828329 0.331487 0.289239 0.873097 1.13049
R -26.6046 -1.8387 -0.550059 4.62856 -26.3248 -1.32261 -26.5921 -1.76744 -0.545553 4.79141 0.0690498 0.0828056 0.331066 0.288989 1.58261 1.13049
L -26.6013 -1.58507 -0.370015 4.67625 -26.4671 -1.53207 -26.6161 -1.52753 -0.417552 4.80664 0.0689664 0.0827514 0.330656 0.288697 1.58261 1.14145
R -26.5997 -1.35877 -0.180654 4.66749 -26.4998 -2.19526 -26.6338 -1.28695 -0.289538 4.81852 0.0689006 0.0827256 0.330283 0.288432 1.58409 1.14145
L -26.6043 -1.13075 -0.0442289 4.66052 -26.5998 -1.14277 -26.6451 -1.04586 -0.161616 4.8271 0.0688442 0.0827311 0.32992 0.28819 1.58409 0.0103575
R -26.6284 -0.909169 0.0373235 4.64504 -27.2008 -1.67679 -26.65 -0.804425 -0.0338883 4.83238 0.0687662 0.0827937 0.329524 0.287981 4.02488 0.0103575
L -26.6428 -0.651971 0.143861 4.69476 -26.7355 -0.59539 -26.6485 -0.562811 0.0935412 4.83439 0.0686806 0.0828103 0.329121 0.287705 4.02488 0.667778
R -26.6287 -0.409642 0.320157 4.70459 -26.9891 0.0351487 -26.6406 -0.321181 0.220572 4.83317 0.0685972 0.0828249 0.328747 0.287417 1.87508 0.667778
L -26.5827 -0.103278 0.525769 4.81905 -26.4553 0.0602653 -26.6264 -0.0796947 0.347104 4.82874 0.0685465 0.08273 0.328458 0.287059 1.87508 2.5805
R -26.5608 0.137763 0.668726 4.80588 -26.9537 0.136943 -26.6059 0.161489 0.473041 4.82116 0.0684982 0.0826355 0.328194 0.286702 2.35462 2.5805
L -26.5403 0.438186 0.801581 4.90271 -26.6201 0.57588 -26.5792 0.402213 0.598287 4.81045 0.0684406 0.0825523 0.327943 0.286383 2.35462 1.55684
R -26.5249 0.677556 0.854829 4.87472 -26.8241 0.381506 -26.5462 0.642323 0.722748 4.79667 0.068364 0.0824687 0.327603 0.286055 1.46074 1.55684
L -26.5221 0.962771 0.924524 4.94054 -26.7293 1.06082 -26.5069 0.881666 0.846334 4.77986 0.0682837 0.0824654 0.327221 0.285813 1.46074 2.91785
R -26.4857 1.22737 0.973677 4.95152 -25.9562 2.60409 -26.4616 1.12009 0.968955 4.76007 0.0682101 0.0825357 0.326818 0.285619 6.19131 2.91785
L -26.428 1.45841 1.106 4.89405 -26.3986 1.42212 -26.4101 1.35745 1.09053 4.73737 0.0681321 0.082586 0.326417 0.285374 6.19131 0.130118
R -26.3885 1.67383 1.15951 4.81517 -26.5072 -0.563928 -26.3526 1.59361 1.21096 4.71181 0.0680717 0.0825803 0.326027 0.28507 8.49505 0.130118
L -26.334 1.87665 1.25842 4.71698 -26.3594 1.79315 -26.2891 1.82841 1.33018 4.68345 0.0680247 0.0825137 0.325648 0.284726 8.49505 0.483429
R -26.2663 2.10765 1.38552 4.6768 -26.3475 1.82827 -26.2197 2.06173 1.44811 4.65235 0.0679808 0.0824443 0.325265 0.284381 0.196168 0.483429
L -26.2055 2.29243 1.47129 4.55319 -26.2502 2.18481 -26.1444 2.29342 1.56467 4.61859 0.067965 0.0823439 0.324902 0.284053 0.196168 0.85571
R -26.1431 2.5168 1.52257 4.51389 -26.069 2.27896 -26.0633 2.52336 1.67979 4.58223 0.0679961 0.0822446 0.324599 0.283728 0.73898 0.85571
L -26.0636 2.76146 1.63435 4.51426 -26.0641 2.80701 -25.9765 2.75141 1.79339 4.54334 0.0680489 0.0821464 0.324301 0.283388 0.73898 0.132688
R -25.9682 2.9848 1.81255 4.46781 -26.3234 3.02388 -25.8841 2.97746 1.90543 4.502 0.0680923 0.0820479 0.323941 0.28305 2.16147 0.132688
L -25.8649 3.27242 1.95579 4.54243 -25.8345 3.42005 -25.7861 3.20139 2.01582 4.45828 0.0681203 0.0820232 0.323564 0.282739 2.16147 1.45313
R -25.7789 3.50286 2.0451 4.5055 -26.1824 3.73376 -25.6826 3.42306 2.12452 4.41227 0.0682022 0.0820179 0.323198 0.282436 1.61951 1.45313
L -25.6742 3.69894 2.1489 4.40099 -25.6666 3.63509 -25.5737 3.64239 2.23146 4.36404 0.0682977 0.0819663 0.322836 0.282103 1.61951 0.262664
R -25.559 3.90583 2.27127 4.32211 -25.5773 3.13316 -25.4596 3.85924 2.3366 4.31367 0.0683891 0.0818999 0.322465 0.281766 1.08851 0.262664
L -25.4989 4.07833 2.27602 4.1983 -25.7492 3.99968 -25.3402 4.07353 2.43989 4.26125 0.068746 0.0818025 0.32218 0.281446 1.08851 3.83013
R -25.3771 4.27836 2.39246 4.12334 -25.3516 3.75691 -25.2157 4.28514 2.54127 4.20686 0.0691143 0.0817057 0.321878 0.281141 0.562751 3.83013
L -25.2131 4.5012 2.56861 4.08589 -25.0214 4.52803 -25.0863 4.49399 2.64071 4.15058 0.0693084 0.0816093 0.321514 0.280824 0.562751 2.04443
R -25.0685 4.69676 2.65564 4.00406 -24.2719 4.30917 -24.9518 4.69998 2.73817 4.09251 0.0694588 0.0815127 0.321158 0.280524 6.65024 2.04443
L -24.9518 4.88993 2.72264 3.93175 -25.0363 4.88499 -24.8126 4.90303 2.83361 4.03273 0.0697061 0.0814188 0.320824 0.280236 6.65024 0.388538
R -24.799 5.0808 2.83847 3.85209 -24.3609 4.95947 -24.6686 5.10304 2.92701 3.97132 0.0699113 0.0813299 0.320474 0.279965 1.73989 0.388538
L -24.6264 5.29977 2.98724 3.82683 -24.5041 5.35293 -24.5201 5.29995 3.01833 3.90839 0.0700191 0.0812342 0.3201 0.279663 1.73989 1.01151
R -24.4554 5.48055 3.15585 3.7237 -24.4379 5.24592 -24.367 5.49367 3.10754 3.84401 0.070068 0.0811413 0.319733 0.279396 0.802692 1.01151
L -24.2649 5.65294 3.30029 3.60662 -24.1159 5.61152 -24.2095 5.68414 3.19464 3.77827 0.0700372 0.0810603 0.319399 0.279192 0.802692 1.28648
R -24.0983 5.81376 3.4177 3.48005 -24.5638 4.75836 -24.0477 5.8713 3.27959 3.71127 0.069998 0.0810133 0.319096 0.279089 3.00404 1.28648
L -23.9246 5.97296 3.5102 3.35966 -23.9153 5.94377 -23.8818 6.05508 3.36239 3.64309 0.069947 0.0810159 0.318804 0.2791 3.00404 0.0580675
R -23.7811 6.15262 3.44601 3.30767 -23.5491 6.44495 -23.7117 6.23542 3.44302 3.57383 0.0699458 0.0810201 0.318433 0.27907 3.93669 0.0580675
L -23.6149 6.30713 3.51332 3.205 -23.6471 6.29102 -23.5377 6.41227 3.52148 3.50357 0.0699635 0.0810843 0.318063 0.279117 3.93669 0.075109
R -23.4647 6.47419 3.50575 3.14471 -23.7544 6.53746 -23.3598 6.58559 3.59775 3.4324 0.0700646 0.0811676 0.317726 0.279137 1.4756 0.075109
L -23.2312 6.70851 3.68685 3.2052 -23.0099 6.86182 -23.1781 6.75533 3.67185 3.36041 0.07003 0.081105 0.31736 0.278914 1.4756 4.31758
R -23.0412 6.84867 3.73687 3.08584 -22.7862 5.74143 -22.9928 6.92146 3.74376 3.28768 0.0699877 0.0810868 0.316994 0.278761 4.64178 4.31758
L -22.8232 7.02474 3.85987 3.04029 -22.6991 7.063 -22.804 7.08393 3.8135 3.21431 0.0699133 0.0810433 0.316637 0.278566 4.64178 0.953287
R -22.6141 7.16228 3.96642 2.91896 -22.418 6.76159 -22.6117 7.24273 3.88106 3.14038 0.0698332 0.0810419 0.3163 0.278448 1.10831 0.953287
L -22.431 7.3055 4.00713 2.82774 -22.5083 7.31524 -22.4161 7.39782 3.94647 3.06598 0.0697569 0.0810695 0.315951 0.278363 1.10831 0.326993
R -22.2012 7.43915 4.18933 2.69995 -22.0543 7.85452 -22.2173 7.54917 4.00974 2.99118 0.0696815 0.0811474 0.315707 0.278393 2.05444 0.326993
L -22.023 7.6017 4.21009 2.66423 -22.1947 7.69478 -22.0154 7.69679 4.07087 2.91607 0.069603 0.0811818 0.315417 0.278335 2.05444 2.06933
R -21.836 7.76983 4.17396 2.65782 -21.6178 9.0351 -21.8105 7.84064 4.12989 2.84074 0.0695345 0.0811598 0.315066 0.278155 5.28997 2.06933
L -21.6285 7.91174 4.23025 2.58834 -21.6473 7.94 -21.6026 7.98072 4.18681 2.76526 0.0694666 0.0811342 0.314715 0.277968 5.28997 0.0673268
R -21.4368 8.04222 4.22753 2.51141 -21.8637 7.78661 -21.392 8.11703 4.24166 2.68971 0.0694206 0.0811205 0.31436 0.277782 1.36733 0.0673268
L -21.2124 8.06953 4.27543 2.22315 -21.0853 7.83229 -21.1787 8.24957 4.29447 2.61417 0.0693607 0.0814792 0.314006 0.27809 1.36733 4.30086
R -21.0224 8.2155 4.19949 2.22164 -20.5503 9.28616 -20.9628 8.37833 4.34526 2.53871 0.0693403 0.0817534 0.313729 0.278184 5.97668 4.30086
L -20.8482 8.37043 4.19633 2.23184 -21.0519 8.50983 -20.7444 8.50333 4.39406 2.46341 0.0694366 0.0819042 0.313516 0.278088 5.97668 3.32491
R -20.6077 8.48691 4.33176 2.14958 -19.9265 9.40847 -20.5237 8.62457 4.4409 2.38835 0.0694726 0.0820715 0.313207 0.278006 4.05352 3.32491
L -20.3522 8.62969 4.44343 2.13355 -20.21 8.68914 -20.3006 8.74206 4.48582 2.31358 0.0694377 0.0821518 0.312863 0.277825 4.05352 1.39544
R -20.1549 8.75415 4.37636 2.11008 -20.2277 8.8532 -20.0753 8.85583 4.52884 2.23919 0.0694619 0.0822006 0.312596 0.277582 1.70474 1.39544
L -19.9591 8.85456 4.37511 2.02651 -20.0633 8.86724 -19.848 8.96589 4.57001 2.16524 0.0695823 0.0822769 0.312384 0.27735 1.70474 0.597247
R -19.7625 8.96546 4.31731 1.99008 -19.9264 8.78179 -19.6186 9.07227 4.60937 2.09179 0.0698351 0.0823395 0.31234 0.277083 1.31655 0.597247
L -19.5395 9.03733 4.35465 1.8655 -19.4861 8.96665 -19.3873 9.17499 4.64694 2.01891 0.0701247 0.0825032 0.312297 0.27687 1.31655 0.44601
R -19.3002 9.14705 4.44003 1.82217 -18.5719 10.2069 -19.1542 9.27409 4.68278 1.94666 0.070383 0.0826283 0.31216 0.276626 4.39785 0.44601
L -19.0034 9.24365 4.59179 1.75443 -18.6786 9.19191 -18.9193 9.36959 4.71692 1.8751 0.0704163 0.0827489 0.311871 0.276378 4.39785 5.86248
R -18.787 9.32412 4.5988 1.66434 -19.2825 8.98189 -18.6827 9.46154 4.7494 1.80429 0.0705088 0.0829089 0.311607 0.276152 1.44447 5.86248
L -18.5276 9.43124 4.68022 1.63551 -18.4242 9.46852 -18.4446 9.54996 4.78028 1.73429 0.0705387 0.0830046 0.3113 0.275887 1.44447 0.713465
R -18.2644 9.46987 4.81562 1.43442 -18.1634 8.72444 -18.2049 9.63492 4.80959 1.66514 0.0705163 0.083273 0.310959 0.275796 4.42413 0.713465
L -17.9639 9.60817 4.95765 1.48202 -17.7736 9.72478 -17.9639 9.71643 4.83737 1.59691 0.0704391 0.0833359 0.310669 0.275547 4.42413 3.07115
R -17.7193 9.70258 4.92312 1.46805 -17.2296 9.97767 -17.7214 9.79457 4.86368 1.52964 0.0703622 0.0833557 0.310342 0.275261 2.4737 3.07115
L -17.441 9.81325 5.00733 1.46939 -17.3436 9.88109 -17.4777 9.86936 4.88856 1.46338 0.0703064 0.083306 0.310054 0.274961 2.4737 0.882787
R -17.1904 9.89356 5.03327 1.40825 -17.1554 10.212 -17.2328 9.94087 4.91205 1.39818 0.0702577 0.0832447 0.309768 0.274662 0.390362 0.882787
L -16.9173 10.0191 5.10159 1.4526 -16.8876 10.145 -16.9868 10.0091 4.93421 1.33408 0.0702559 0.0831556 0.30953 0.27442 0.390362 1.0909
R -16.6605 10.0906 5.12345 1.38031 -16.5958 10.1078 -16.7396 10.0743 4.95507 1.27113 0.0702764 0.0830691 0.309294 0.27417 0.0258804 1.0909
L -16.4174 10.1952 5.1295 1.3864 -16.5153 10.3091 -16.4915 10.1362 4.97469 1.20937 0.0702849 0.0830245 0.309044 0.273997 0.0258804 1.25006
R -16.1567 10.2678 5.16812 1.31977 -16.09 10.5824 -16.2424 10.1952 4.99311 1.14883 0.0703217 0.0830034 0.308817 0.273817 0.437314 1.25006
L -15.9298 10.2825 5.12099 1.14269 -16.006 10.1843 -15.9924 10.2511 5.01039 1.08956 0.070306 0.0829269 0.308528 0.273533 0.437314 1.01031
R -15.6812 10.3476 5.1053 1.09932 -15.7234 10.41 -15.7416 10.3041 5.02655 1.03159 0.0702861 0.0828624 0.308218 0.273257 0.224292 1.01031
L -15.4697 10.3315 5.02636 0.884093 -15.5699 10.1904 -15.4899 10.3543 5.04166 0.974957 0.0702171 0.0827804 0.307889 0.272997 0.224292 1.9617
R -15.1705 10.3673 5.1867 0.752583 -14.2385 10.9109 -15.2376 10.4016 5.05576 0.919692 0.0702105 0.0827071 0.307619 0.272815 6.84316 1.9617
L -14.9119 10.4207 5.20388 0.701912 -14.9365 10.4722 -14.9846 10.4462 5.06889 0.865828 0.0702158 0.0826273 0.307354 0.272629 6.84316 0.186109
R -14.6738 10.4524 5.09767 0.65963 -14.724 9.63507 -14.7309 10.4882 5.0811 0.813394 0.0701904 0.0825559 0.307028 0.272431 5.43966 0.186109
L -14.4346 10.4114 5.05448 0.435334 -14.4088 10.222 -14.4766 10.5276 5.09243 0.762418 0.0701426 0.0826419 0.306707 0.272559 5.43966 2.21354
R -14.1756 10.4362 5.06471 0.365846 -13.9005 10.5238 -14.2218 10.5645 5.10293 0.712926 0.0701006 0.0827653 0.306387 0.272738 0.468678 2.21354
L -13.8636 10.5944 5.21403 0.579438 -13.8049 10.9383 -13.9665 10.5989 5.11263 0.664944 0.0701862 0.082678 0.306098 0.272478 0.468678 7.73165
R -13.6109 10.6521 5.15254 0.616458 -13.3956 10.7857 -13.7107 10.631 5.12159 0.618496 0.070262 0.0825964 0.305779 0.27219 1.84521 7.73165
L -13.3629 10.6461 5.13347 0.482345 -13.3556 10.5517 -13.4545 10.6608 5.12983 0.573603 0.0703138 0.0825122 0.305457 0.271936 1.84521 0.54408
R -13.1001 10.6721 5.1545 0.424308 -12.9374 10.8137 -13.1979 10.6884 5.13741 0.530288 0.0703829 0.0824288 0.305137 0.271693 0.199425 0.54408
L -12.846 10.7692 5.17557 0.521676 -12.9591 11.0099 -12.9409 10.7138 5.14436 0.48857 0.0704434 0.0823814 0.30482 0.271413 0.199425 3.9874
R -12.5807 10.8193 5.17823 0.536072 -12.2518 11.2495 -12.6836 10.7373 5.15071 0.448467 0.0705269 0.0823806 0.304504 0.271158 1.41729 3.9874
L -12.3496 10.7791 5.1172 0.347223 -12.3713 10.6091 -12.426 10.7587 5.15651 0.409997 0.0705396 0.0822998 0.304191 0.27089 1.41729 1.82946
R -12.0957 10.8131 5.09069 0.351212 -11.9352 10.9161 -12.1681 10.7783 5.16179 0.373177 0.0705436 0.0822294 0.303891 0.27061 0.625611 1.82946
L -11.8492 10.88 5.09528 0.401681 -11.9451 11.0515 -11.91 10.7961 5.16658 0.338022 0.0705246 0.0822331 0.303592 0.270344 0.625611 2.13362
R -11.5737 10.9035 5.13375 0.369565 -10.9703 10.9676 -11.6516 10.8121 5.17092 0.304546 0.0705406 0.082253 0.303282 0.27008 2.28883 2.13362
L -11.3476 10.9163 5.08356 0.310898 -11.4548 10.9407 -11.393 10.8265 5.17484 0.272761 0.0704979 0.0822692 0.302996 0.269805 2.28883 0.677389
R -11.0796 10.8587 5.2035 0.0155186 -11.3472 10.5111 -11.1342 10.8394 5.17836 0.242681 0.0704687 0.0821889 0.302685 0.269724 8.03872 0.677389
L -10.7807 10.8294 5.25889 -0.109027 -10.6009 10.6823 -10.8753 10.8509 5.18153 0.214317 0.0705267 0.0821099 0.302394 0.269846 8.03872 2.89894
R -10.5245 10.8253 5.24045 -0.168623 -10.6563 10.8369 -10.6161 10.8609 5.18435 0.187679 0.0705768 0.0820412 0.302093 0.270052 0.144696 2.89894
L -10.2946 10.8193 5.18407 -0.232595 -10.4142 10.8747 -10.3569 10.8697 5.18687 0.162776 0.0705608 0.0819888 0.301783 0.270369 0.144696 0.951473
R -10.0497 10.866 5.08076 -0.0986797 -9.90413 11.2255 -10.0976 10.8772 5.1891 0.139618 0.0705217 0.0819063 0.301513 0.270307 5.59034 0.951473
L -9.78798 10.9167 5.11196 -0.0362133 -9.83445 11.1032 -9.83809 10.8837 5.19106 0.118212 0.070486 0.0818361 0.301226 0.270121 5.59034 2.09535
R -9.56242 10.8935 5.04397 -0.118813 -10.195 10.3498 -9.57852 10.8891 5.19278 0.0985664 0.0704178 0.0817528 0.300994 0.270024 3.87319 2.09535
L -9.29926 10.9222 5.07396 -0.093884 -9.3066 11.0348 -9.31887 10.8936 5.19428 0.0806865 0.0703516 0.0816797 0.300736 0.269864 3.87319 0.740158
R -9.05906 10.9013 5.02856 -0.152807 -9.2226 10.3527 -9.05915 10.8972 5.19557 0.0645787 0.0702801 0.0815969 0.300525 0.269767 2.30353 0.740158
L -8.79117 10.9356 5.07031 -0.109144 -8.78899 11.0707 -8.79937 10.9001 5.19667 0.050248 0.0702097 0.0815298 0.300274 0.269589 2.30353 1.06965
R -8.55809 10.8932 5.0172 -0.216586 -8.83914 10.0319 -8.53953 10.9023 5.19759 0.0376992 0.0701436 0.0814483 0.300079 0.269559 5.67253 1.06965
L -8.40027 10.8099 4.82247 -0.402567 -8.62045 10.6577 -8.27965 10.9039 5.19835 0.0269359 0.0702821 0.0814756 0.300252 0.269978 5.67253 4.57641
R -8.15258 10.8175 4.81259 -0.36853 -7.91543 11.1157 -8.01974 10.905 5.19896 0.0179617 0.0704641 0.0814883 0.30045 0.270263 1.45297 4.57641
L -7.80043 10.8688 5.03313 -0.25903 -7.51971 11.0005 -7.75979 10.9057 5.19942 0.0107791 0.0704168 0.0814231 0.30024 0.270262 1.45297 6.08065
R -7.54151 10.8696 5.0166 -0.223662 -7.25987 10.6458 -7.49981 10.9061 5.19975 0.00539029 0.0703709 0.0813578 0.300051 0.270186 1.80194 6.08065
L -7.25943 10.8569 5.07185 -0.247428 -7.15631 10.815 -7.23983 10.9063 5.19994 0.00179692 0.0703058 0.0813064 0.299805 0.270146 1.80194 0.696632
