R 0.201778 0.385989 0.540302 0.841471 0.201778 0.385989 0.359997 0.600041 -4.80025 0.0016588 0.158219 0.214052 5.34055 0.839812 0 0
L 0.2191 0.650882 0.549538 0.913519 0.218966 0.686146 0.119984 0.600207 -4.80057 0.00497648 0.132017 0.155541 5.34533 0.874852 0 0.429954
R -0.0990271 0.79286 -0.174911 1.26557 -0.0814087 0.49792 -0.120044 0.600581 -4.801 0.00995308 0.108472 0.168678 5.11683 1.01773 6.92737 0.429954
L -0.164419 0.692096 -0.477829 1.02269 -0.306645 0.557228 -0.360093 0.601244 -4.80155 0.0165887 0.135635 0.15298 4.93053 1.01483 6.92737 2.95914
R -0.545445 0.546082 -1.81398 -2.6845 -0.423231 0.382203 -0.60017 0.602281 -4.80221 0.0248832 0.12376 0.139118 4.60803 1.51396 51.0725 2.95914
L -0.666257 0.450192 -2.74344 -1.77676 -0.920801 0.498185 -0.840279 0.603774 -4.80296 0.0348368 0.133458 0.141632 4.28975 1.56749 51.0725 3.57449
R -0.981465 0.543458 -2.60539 1.8284 -0.999175 0.569138 -1.08042 0.605806 -4.8038 0.0464493 0.129095 0.133226 4.05752 1.59989 4.45353 3.57449
L -1.11589 0.630547 -2.6519 1.83295 -1.21709 0.564086 -1.32061 0.608459 -4.80472 0.0597206 0.140787 0.124866 3.87103 1.62257 4.45353 0.68788
R -1.34573 0.637856 -3.63664 1.02148 -1.31575 0.565548 -1.56084 0.611818 -4.8057 0.0746505 0.150864 0.118044 3.67039 1.56199 8.00236 0.68788
L -1.51913 0.678614 -3.62797 0.932752 -1.46626 0.627215 -1.80112 0.615965 -4.80673 0.0912385 0.168629 0.113726 3.50193 1.50554 8.00236 0.277838
R -1.78428 0.660658 -4.07528 0.35077 -1.76309 0.586975 -2.04145 0.620982 -4.80778 0.109484 0.178502 0.109091 3.34626 1.43732 7.66479 0.277838
L -2.02693 0.692209 -4.20256 0.23696 -2.28461 0.787442 -2.28182 0.626953 -4.80884 0.129387 0.18607 0.106132 3.20858 1.37648 7.66479 3.89164
R -2.32739 0.570965 -4.41175 -0.882045 -2.50204 0.4664 -2.52225 0.63396 -4.80989 0.150946 0.18676 0.103454 3.08468 1.35315 11.164 3.89164
L -2.57278 0.589041 -4.5089 -0.704965 -2.7473 0.847233 -2.76273 0.642086 -4.81089 0.174159 0.18699 0.100694 2.97356 1.32493 11.164 5.31835
R -2.82829 0.630944 -4.64087 -0.322859 -3.65705 0.865703 -3.00325 0.651414 -4.81184 0.199026 0.186212 0.097423 2.87308 1.28708 7.39549 5.31835
L -3.0957 0.675423 -4.70979 -0.0671786 -3.30883 0.881059 -3.24381 0.662026 -4.8127 0.225545 0.184062 0.0943889 2.78196 1.24836 7.39549 4.82898
R -3.34758 0.636067 -4.76444 -0.316996 -3.47146 0.613185 -3.48441 0.674004 -4.81344 0.253712 0.181624 0.0920318 2.69893 1.21897 0.595537 4.82898
L -3.61604 0.554727 -4.79159 -0.760577 -3.76347 0.400296 -3.72504 0.687432 -4.81403 0.283526 0.178366 0.0947505 2.62289 1.20992 0.595537 2.67067
R -3.85774 0.633924 -4.8533 -0.247016 -3.79537 0.758312 -3.9657 0.702391 -4.81445 0.314984 0.175367 0.0935515 2.55295 1.18468 3.0442 2.67067
L -4.15717 0.562797 -4.94341 -0.593142 -4.43196 0.438228 -4.20636 0.718963 -4.81465 0.348081 0.17128 0.0976405 2.48847 1.17371 3.0442 5.07202
R -4.40299 0.565467 -4.95306 -0.513575 -4.35973 0.613548 -4.44703 0.73723 -4.81461 0.382812 0.167428 0.102394 2.42869 1.16201 0.320479 5.07202
L -4.65935 0.643707 -4.95845 -0.140032 -4.72477 0.881914 -4.68769 0.757274 -4.81428 0.419174 0.16369 0.102928 2.37305 1.14153 0.320479 3.85804
R -4.89267 0.731223 -4.93864 0.216276 -4.42669 0.850619 -4.92832 0.779176 -4.81363 0.45716 0.160265 0.101161 2.32103 1.11757 4.65349 3.85804
L -5.16445 0.731687 -4.98271 0.18596 -5.28802 0.714213 -5.1689 0.803017 -4.81263 0.496763 0.156893 0.100096 2.27243 1.09588 4.65349 0.841161
R -5.43029 0.705251 -5.05793 0.0687703 -5.47463 0.612257 -5.40943 0.828877 -4.81122 0.537976 0.15378 0.101142 2.22706 1.07783 0.877302 0.841161
L -5.6583 0.818696 -4.98851 0.440145 -5.5629 1.05194 -5.64986 0.856837 -4.80937 0.580791 0.150802 0.0994598 2.1841 1.05726 0.877302 4.06701
R -5.88887 0.923873 -4.84026 0.714795 -6.29502 1.26514 -5.8902 0.886977 -4.80703 0.625197 0.147984 0.0978586 2.14328 1.03764 5.9929 4.06701
L -6.08937 0.940924 -4.77923 0.700105 -5.88309 0.886 -6.1304 0.919375 -4.80415 0.671184 0.145524 0.0961815 2.10466 1.01895 5.9929 2.44726
R -6.34175 0.979255 -4.88743 0.759507 -5.95255 0.944273 -6.37044 0.954111 -4.8007 0.718741 0.143092 0.0946239 2.06812 1.00126 3.25927 2.44726
L -6.61614 0.974169 -4.94262 0.672819 -6.75307 0.884443 -6.61028 0.991262 -4.79662 0.767854 0.140691 0.0930858 2.03354 0.984585 3.25927 1.5532
R -6.85926 1.00544 -4.94899 0.698913 -6.62052 0.961842 -6.84991 1.03091 -4.79187 0.818509 0.138413 0.0916862 2.00067 0.968812 0.547886 1.5532
L -7.1032 1.10023 -4.92224 0.891415 -7.10876 1.23352 -7.08928 1.07312 -4.78638 0.87069 0.136256 0.0903695 1.9693 0.953561 0.547886 1.14045
R -7.35379 1.09607 -4.91279 0.798326 -7.52937 0.8358 -7.32835 1.11798 -4.78012 0.92438 0.134248 0.0890714 1.93938 0.939259 2.11827 1.14045
L -7.59257 1.14161 -4.89631 0.845002 -7.56319 1.15044 -7.56709 1.16556 -4.77304 0.979561 0.132332 0.0878479 1.91076 0.925631 2.11827 0.0519768
R -7.81447 1.18403 -4.84652 0.878237 -7.25187 1.11533 -7.80545 1.21593 -4.76506 1.03621 0.130436 0.0867515 1.88331 0.912702 2.7515 0.0519768
L -8.04801 1.21478 -4.83044 0.87924 -8.00209 1.17936 -8.04339 1.26918 -4.75615 1.09431 0.128614 0.0860174 1.85701 0.90065 2.7515 0.188281
R -8.28172 1.32242 -4.81888 1.06867 -8.07459 1.74513 -8.28085 1.32536 -4.74625 1.15383 0.126864 0.0848484 1.83179 0.888506 3.99194 0.188281
L -8.51508 1.3554 -4.80436 1.05952 -8.47207 1.30248 -8.51779 1.38455 -4.7353 1.21475 0.125185 0.0838579 1.80756 0.877099 3.99194 0.270446
R -8.72576 1.3987 -4.62572 1.05304 -8.95167 1.35495 -8.75416 1.44681 -4.72324 1.27704 0.123653 0.0831336 1.7843 0.866524 4.20198 0.270446
L -8.9565 1.49097 -4.60763 1.17815 -8.97275 1.58275 -8.98989 1.51223 -4.71002 1.34067 0.122212 0.0821566 1.76193 0.856009 4.20198 0.544183
R -9.19418 1.52419 -4.68731 1.17206 -8.71353 1.22502 -9.22493 1.58085 -4.69558 1.40561 0.120808 0.0816295 1.74031 0.846292 4.16338 0.544183
L -9.45286 1.54151 -4.72486 1.11187 -9.55672 1.45188 -9.45921 1.65276 -4.67987 1.47183 0.119365 0.0824584 1.71948 0.837999 4.16338 1.11952
R -9.70215 1.55597 -4.79073 1.05387 -9.55852 1.10142 -9.69268 1.728 -4.66282 1.53929 0.117978 0.0856125 1.69948 0.831499 3.21266 1.11952
L -9.97835 1.68086 -4.82822 1.24394 -10.1925 1.86579 -9.92526 1.80665 -4.64437 1.60795 0.116903 0.0867326 1.68029 0.823826 3.21266 4.50027
R -10.2 1.8063 -4.74595 1.42122 -10.0357 2.49884 -10.1569 1.88875 -4.62448 1.67776 0.115776 0.0866397 1.66161 0.815518 5.89478 4.50027
L -10.3957 1.89773 -4.66279 1.51086 -10.2047 1.92272 -10.3875 1.97438 -4.60307 1.7487 0.114517 0.0864347 1.64348 0.807367 5.89478 2.01763
R -10.65 1.9885 -4.74307 1.60352 -10.746 2.16649 -10.6169 2.06357 -4.58009 1.82071 0.113395 0.0862086 1.62607 0.79936 1.4358 2.01763
L -10.8817 2.0424 -4.72794 1.58835 -10.8445 1.97723 -10.8452 2.15639 -4.55549 1.89375 0.112331 0.0868779 1.60924 0.792217 1.4358 0.33739
R -11.1089 2.14067 -4.70523 1.67714 -10.8211 2.33578 -11.0722 2.25288 -4.52921 1.96776 0.111302 0.0874682 1.59293 0.78519 1.11463 0.33739
L -11.2906 2.2871 -4.58395 1.86595 -11.0683 2.3968 -11.2979 2.35309 -4.50118 2.04269 0.110188 0.0870906 1.57696 0.7777 1.11463 3.55257
R -11.5291 2.37796 -4.59745 1.91635 -11.6414 2.33697 -11.5221 2.45707 -4.47136 2.11849 0.109107 0.0869412 1.56153 0.770558 0.210412 3.55257
L -11.7625 2.51834 -4.5647 2.06848 -11.81 2.61859 -11.7448 2.56486 -4.43968 2.1951 0.108081 0.0863425 1.54654 0.763314 0.210412 0.749476
R -12.0131 2.64079 -4.6312 2.1827 -12.1673 2.93299 -11.9658 2.6765 -4.4061 2.27246 0.107253 0.0856647 1.53219 0.75618 1.88081 0.749476
L -12.2522 2.77328 -4.60698 2.29214 -12.3079 2.82794 -12.1851 2.79202 -4.37055 2.35051 0.106647 0.0849061 1.51828 0.749187 1.88081 0.345469
R -12.4875 2.86669 -4.58352 2.29749 -12.6907 2.51318 -12.4026 2.91145 -4.333 2.42918 0.106291 0.0843468 1.50479 0.742558 1.23326 0.345469
L -12.6971 3.03011 -4.50395 2.46439 -12.6407 3.12177 -12.6182 3.03483 -4.29338 2.5084 0.105864 0.0835927 1.49156 0.735921 1.23326 0.753176
R -12.9192 3.16527 -4.46666 2.55312 -12.8479 3.34065 -12.8317 3.16218 -4.25165 2.5881 0.10557 0.0828572 1.47869 0.729452 0.247033 0.753176
L -13.1129 3.34194 -4.36092 2.72505 -13.0124 3.4261 -13.0431 3.29353 -4.20776 2.66821 0.105056 0.0823854 1.46603 0.723175 0.247033 1.06793
R -13.3061 3.46639 -4.27019 2.75949 -12.7477 3.16125 -13.2522 3.42888 -4.16167 2.74865 0.104397 0.0818301 1.45362 0.717021 3.45613 1.06793
L -13.4874 3.60281 -4.17806 2.82073 -13.3393 3.57168 -13.459 3.56827 -4.11333 2.82935 0.103589 0.0812678 1.44148 0.711022 3.45613 1.22458
R -13.7098 3.77241 -4.16442 2.95358 -13.9985 4.35452 -13.6633 3.71169 -4.0627 2.91022 0.102909 0.080973 1.42967 0.705192 3.04563 1.22458
L -13.9126 3.87841 -4.12947 2.92696 -13.8581 3.77748 -13.865 3.85915 -4.00974 2.99118 0.102254 0.0803546 1.41818 0.699529 3.04563 0.788025
R -14.1022 4.05215 -4.02313 3.03964 -13.9436 4.59359 -14.064 4.01066 -3.95441 3.07214 0.101553 0.0798855 1.40691 0.693967 1.87252 0.788025
L -14.2927 4.2055 -3.95801 3.1054 -14.2501 4.19728 -14.2602 4.16622 -3.89669 3.15303 0.100838 0.0794108 1.39589 0.68855 1.87252 0.100767
R -14.507 4.37482 -3.92255 3.19342 -15.1095 4.72468 -14.4535 4.32581 -3.83653 3.23373 0.10028 0.0790317 1.38515 0.683251 4.00526 0.100767
L -14.6914 4.56934 -3.83538 3.33048 -14.6748 4.63724 -14.6436 4.48943 -3.77392 3.31417 0.0996904 0.0790451 1.37464 0.678058 4.00526 0.325201
R -14.8834 4.73891 -3.77538 3.39869 -14.98 4.78418 -14.8306 4.65706 -3.70883 3.39425 0.0991535 0.0790876 1.36437 0.672979 0.0977334 0.325201
L -15.03 4.90591 -3.65025 3.45746 -14.8394 4.85714 -15.0143 4.82869 -3.64123 3.47388 0.0984401 0.0790605 1.3543 0.668016 0.0977334 2.07087
R -15.2048 5.06802 -3.57348 3.49264 -15.1197 4.75476 -15.1945 5.00428 -3.5711 3.55294 0.0977319 0.0788597 1.34445 0.663197 0.636938 2.07087
L -15.3911 5.26861 -3.51391 3.60684 -15.4595 5.33623 -15.3712 5.1838 -3.49844 3.63135 0.0970606 0.0789478 1.33481 0.658449 0.636938 0.513896
R -15.5425 5.47092 -3.3486 3.69248 -15.4323 6.03152 -15.5441 5.36723 -3.42323 3.70901 0.0963748 0.0793498 1.32541 0.653799 2.1432 0.513896
L -15.7487 5.58746 -3.38011 3.61016 -15.8636 5.46187 -15.7133 5.55452 -3.34546 3.78581 0.0957942 0.0788924 1.31618 0.649573 2.1432 1.8849
R -15.9149 5.74889 -3.33173 3.62985 -15.7856 5.16246 -15.8785 5.74562 -3.26513 3.86164 0.0952311 0.0783511 1.30716 0.645678 1.91438 1.8849
L -16.0459 5.93693 -3.21 3.70017 -15.899 5.91441 -16.0396 5.94048 -3.18223 3.9364 0.0945883 0.077821 1.2983 0.641888 1.91438 1.19598
R -16.203 6.11393 -3.11842 3.72368 -16.4427 5.87663 -16.1965 6.13906 -3.09679 4.00999 0.0939585 0.0773549 1.28962 0.638451 0.752935 1.19598
L -16.3384 6.35505 -2.99302 3.88874 -16.3132 6.46809 -16.3491 6.34128 -3.00879 4.08229 0.0933464 0.0768605 1.28111 0.634625 0.752935 0.886861
R -16.4757 6.51477 -2.88935 3.85784 -16.473 5.43254 -16.4972 6.54708 -2.91826 4.1532 0.0927707 0.0764485 1.27276 0.631389 5.32224 0.886861
L -16.6372 6.70729 -2.84937 3.90745 -16.7212 6.72454 -16.6407 6.75639 -2.82522 4.22261 0.092175 0.07616 1.26458 0.628343 5.32224 0.397623
R -16.7902 6.91465 -2.81767 3.99393 -16.8736 7.23338 -16.7795 6.96912 -2.72968 4.29042 0.0915977 0.0759242 1.25659 0.625244 0.7887 0.397623
L -16.9917 7.15345 -2.8347 4.11457 -17.312 7.32125 -16.9135 7.18521 -2.63167 4.3565 0.0914426 0.0755317 1.24892 0.621912 0.7887 6.98775
R -17.1071 7.37374 -2.66209 4.16839 -16.9134 7.89837 -17.0425 7.40456 -2.53122 4.42077 0.0911594 0.0751421 1.24127 0.618697 1.80198 6.98775
L -17.2025 7.64145 -2.48505 4.33684 -17.1166 7.75043 -17.1665 7.62707 -2.42838 4.4831 0.0906892 0.0746994 1.23369 0.615125 1.80198 1.27303
R -17.3372 7.84235 -2.45769 4.36885 -17.3858 7.23331 -17.2852 7.85264 -2.32317 4.54339 0.0903215 0.0742567 1.22633 0.611708 1.68428 1.27303
L -17.4544 7.99594 -2.40081 4.28692 -17.3617 7.8192 -17.3986 8.08118 -2.21565 4.60153 0.0899886 0.0743969 1.21918 0.609024 1.68428 2.30064
R -17.5571 8.23233 -2.26697 4.36542 -17.2143 9.0337 -17.5066 8.31257 -2.10586 4.65742 0.0896254 0.0744683 1.21211 0.606259 2.39336 2.30064
L -17.6995 8.45938 -2.23306 4.42171 -17.8436 8.51915 -17.6091 8.54669 -1.99386 4.71095 0.0896346 0.0746302 1.20532 0.60353 2.39336 1.30415
R -17.7769 8.66432 -2.04811 4.40067 -17.5099 8.1616 -17.7059 8.78343 -1.87971 4.76202 0.0894421 0.0752909 1.19851 0.601301 3.15456 1.30415
L -17.8422 8.94861 -1.86038 4.56416 -17.7757 9.07777 -17.797 9.02267 -1.76348 4.81052 0.0890628 0.075277 1.19172 0.598451 3.15456 1.40405
R -17.908 9.19386 -1.64864 4.59724 -17.8359 9.90657 -17.8822 9.26426 -1.64522 4.85637 0.0886033 0.075224 1.18501 0.595713 3.08546 1.40405
L -17.9116 9.50747 -1.3467 4.78623 -17.7006 9.64203 -17.9614 9.50807 -1.52502 4.89946 0.088266 0.0748049 1.17856 0.592515 3.08546 3.99098
R -17.9701 9.76125 -1.19575 4.84148 -17.8028 10.3244 -18.0346 9.75398 -1.40296 4.9397 0.0880399 0.0743967 1.17226 0.58934 1.04102 3.99098
L -18.0534 9.98614 -1.12895 4.84024 -18.1418 9.9702 -18.1016 10.0018 -1.27911 4.97699 0.0877041 0.0740092 1.16598 0.586302 1.04102 0.477218
R -18.1341 10.2007 -1.07661 4.81904 -19.0447 8.88465 -18.1624 10.2515 -1.15357 5.01125 0.0872805 0.0737989 1.15972 0.583482 6.93309 0.477218
L -18.1312 10.469 -0.841238 4.89208 -17.949 10.4783 -18.2169 10.5027 -1.02642 5.04239 0.0872636 0.0734876 1.15369 0.580577 6.93309 1.924
R -18.2156 10.7117 -0.882437 4.96614 -18.4785 10.383 -18.265 10.7555 -0.897764 5.07032 0.0869508 0.0732376 1.14761 0.577612 3.34531 1.924
L -18.2702 10.8973 -0.824329 4.86892 -18.2427 10.7283 -18.3066 11.0095 -0.767697 5.09498 0.0865763 0.0737494 1.14163 0.575059 3.34531 1.75964
R -18.3103 11.1377 -0.704394 4.86907 -18.592 11.0156 -18.3417 11.2647 -0.636323 5.11627 0.0861879 0.0744931 1.13575 0.572637 0.507276 1.75964
L -18.2915 11.5045 -0.426983 5.10719 -18.2521 11.808 -18.3702 11.5209 -0.503751 5.13414 0.086115 0.0741305 1.12997 0.569715 0.507276 5.91375
R -18.3261 11.7627 -0.348849 5.13554 -18.5573 11.765 -18.392 11.778 -0.370091 5.14852 0.0859348 0.0737713 1.12425 0.566831 0.525392 5.91375
L -18.3559 12.0052 -0.262545 5.11721 -18.3979 11.9824 -18.4072 12.0356 -0.235457 5.15934 0.0856578 0.0734645 1.11862 0.564006 0.525392 0.1452
R -18.3894 12.2613 -0.245847 5.16834 -18.2756 12.0095 -18.4156 12.2937 -0.099968 5.16654 0.0852726 0.0731708 1.11316 0.561207 2.09287 0.1452
L -18.4253 12.5243 -0.181848 5.18042 -18.5334 12.5747 -18.4171 12.552 0.0362564 5.17007 0.0848574 0.0728627 1.1079 0.55845 2.09287 0.770544
R -18.427 12.7967 -0.0517796 5.20481 -18.1665 13.4543 -18.4119 12.8105 0.173093 5.16989 0.0844576 0.0725209 1.10273 0.555743 1.30303 0.770544
L -18.4346 13.0762 0.0549521 5.23943 -18.4912 13.149 -18.3998 13.0688 0.310414 5.16594 0.08412 0.0721751 1.0977 0.553112 1.30303 0.46112
R -18.4116 13.3133 0.246011 5.14536 -18.9473 12.4856 -18.3809 13.3269 0.448093 5.1582 0.083772 0.0718428 1.09264 0.550473 3.70625 0.46112
L -18.3559 13.6105 0.464723 5.20687 -18.2622 13.6861 -18.355 13.5845 0.585998 5.14663 0.0833759 0.0715477 1.08754 0.547902 3.70625 0.947159
R -18.3328 13.8898 0.591214 5.23106 -18.1306 14.7596 -18.3223 13.8414 0.723997 5.1312 0.0829916 0.071366 1.08252 0.545421 2.59056 0.947159
L -18.2944 14.1472 0.726407 5.20874 -18.2698 14.1282 -18.2826 14.0974 0.861956 5.11189 0.0826143 0.0711961 1.07758 0.54297 2.59056 0.0519378
R -18.2454 14.4123 0.906643 5.16875 -18.3678 14.848 -18.2361 14.3524 0.999739 5.08868 0.0822393 0.0711007 1.07266 0.540528 1.816 0.0519378
L -18.2042 14.6273 1.00121 5.07137 -18.1737 14.4943 -18.1827 14.6061 1.13721 5.06157 0.0818901 0.0708056 1.06785 0.538066 1.816 1.06877
R -18.1269 14.8821 1.22966 4.99302 -18.1394 15.4391 -18.1224 14.8584 1.27423 5.03055 0.0815216 0.0705219 1.06304 0.535649 3.23362 1.06877
L -18.0441 15.1508 1.40954 4.98961 -18.0078 15.1957 -18.0553 15.1091 1.41067 4.99562 0.0811638 0.0703167 1.05828 0.533252 3.23362 0.217113
R -17.9816 15.4144 1.49389 5.01239 -17.4962 15.9091 -17.9814 15.3578 1.54638 4.95679 0.0808038 0.0702073 1.0536 0.530913 1.79783 0.217113
L -17.9085 15.647 1.60695 4.94349 -17.9036 15.5953 -17.9007 15.6046 1.68122 4.91408 0.0804519 0.0700115 1.04899 0.528587 1.79783 0.157418
R -17.8348 15.8836 1.68081 4.9158 -17.8307 15.1843 -17.8133 15.8491 1.81507 4.8675 0.0801266 0.0697808 1.0445 0.526303 2.91034 0.157418
L -17.7455 16.1081 1.7986 4.83769 -17.7118 16.0351 -17.7192 16.0912 1.94777 4.81708 0.0798178 0.0694972 1.04008 0.524033 2.91034 0.355642
R -17.7101 16.3579 1.74198 4.88214 -18.7022 15.56 -17.6185 16.3307 2.0792 4.76286 0.0799257 0.0692453 1.03609 0.521905 6.70993 0.355642
L -17.5466 16.6095 1.9948 4.85044 -17.3057 16.5441 -17.5113 16.5674 2.20923 4.70486 0.0796526 0.0690601 1.03188 0.519862 6.70993 3.53251
R -17.4039 16.8198 2.23011 4.67866 -17.2848 16.3539 -17.3977 16.8011 2.33771 4.64314 0.0793192 0.0687906 1.02758 0.517683 4.09043 3.53251
L -17.3 17.0557 2.33161 4.62744 -17.3409 17.0829 -17.2776 17.0316 2.46452 4.57774 0.0790145 0.0685387 1.02336 0.515541 4.09043 0.131183
R -17.1468 17.266 2.57343 4.44969 -17.3363 17.2838 -17.1512 17.2588 2.58952 4.50871 0.0786883 0.0682581 1.01913 0.513435 3.70392 0.131183
L -17.0082 17.5339 2.73514 4.45231 -17.0467 17.6995 -17.0187 17.4824 2.71259 4.43613 0.0783708 0.0681372 1.01495 0.511328 3.70392 1.62292
R -16.8506 17.7388 2.90768 4.32045 -16.7259 17.405 -16.88 17.7023 2.83361 4.36005 0.0780967 0.0679393 1.01083 0.509258 1.23879 1.62292
L -16.7286 17.947 2.9811 4.22985 -16.8092 17.9605 -16.7354 17.9184 2.95245 4.28054 0.0777835 0.0677137 1.00675 0.507221 1.23879 0.388907
R -16.5724 18.1543 3.10439 4.144 -16.294 18.1023 -16.5848 18.1303 3.069 4.19769 0.0774798 0.0674766 1.00272 0.505211 0.509833 0.388907
L -16.4097 18.2941 3.20391 3.94051 -16.3146 18.044 -16.4285 18.3381 3.18313 4.11157 0.0771899 0.0673223 0.998737 0.503433 0.509833 3.92314
R -16.2695 18.4953 3.249 3.89495 -16.6234 18.1814 -16.2665 18.5415 3.29475 4.02228 0.0768859 0.067182 0.994805 0.501574 1.20532 3.92314
L -16.0941 18.6976 3.38086 3.81693 -16.0729 18.7231 -16.0991 18.7403 3.40374 3.9299 0.0765863 0.0670254 0.990914 0.499711 1.20532 0.0699239
R -15.9129 18.8872 3.51174 3.7128 -15.5341 19.1726 -15.9262 18.9344 3.50999 3.83452 0.0762978 0.0668941 0.987065 0.497885 0.454315 0.0699239
L -15.716 19.1186 3.67053 3.69033 -15.7147 19.2819 -15.7481 19.1237 3.61342 3.73626 0.0760557 0.0666378 0.983274 0.495983 0.454315 1.5375
R -15.528 19.2938 3.78927 3.55481 -15.8172 19.1796 -15.5649 19.308 3.71392 3.63521 0.0758335 0.0663946 0.979536 0.494136 0.405579 1.5375
L -15.3477 19.4961 3.87892 3.49442 -15.4174 19.6167 -15.3767 19.4872 3.8114 3.53148 0.0755878 0.0661472 0.975837 0.492272 0.405579 1.04555
R -15.1397 19.6571 4.01885 3.32967 -15.1705 19.6712 -15.1838 19.6612 3.90579 3.42518 0.0754003 0.0658991 0.972211 0.490487 0.519995 1.04555
L -14.9197 19.8624 4.16306 3.27762 -14.9167 20.0068 -14.9862 19.8297 3.99699 3.31643 0.0753379 0.0657134 0.968682 0.488665 0.519995 1.19878
R -14.7348 20.0155 4.21074 3.14175 -16.2753 19.2089 -14.7841 19.9928 4.08495 3.20535 0.0751782 0.0654987 0.965149 0.486883 6.14815 1.19878
L -14.5926 20.1396 4.15927 2.98103 -14.7756 20.1032 -14.5777 20.1503 4.16958 3.09206 0.0749122 0.0652639 0.961594 0.485183 6.14815 2.16912
R -14.3988 20.2844 4.1887 2.89314 -14.8586 19.6043 -14.3671 20.302 4.25082 2.97668 0.0746875 0.0650427 0.958093 0.483462 2.35074 2.16912
L -14.1511 20.4499 4.34286 2.81017 -14.0673 20.5034 -14.1526 20.448 4.32862 2.85933 0.0744165 0.0648068 0.954616 0.481725 2.35074 0.632099
R -13.9254 20.578 4.43615 2.65998 -13.8455 20.4367 -13.9342 20.588 4.40292 2.74015 0.0741521 0.0645789 0.95118 0.480037 0.28799 0.632099
L -13.7345 20.7146 4.45196 2.55228 -13.8405 20.7784 -13.7123 20.722 4.47367 2.61927 0.0739106 0.0643509 0.947779 0.478353 0.28799 0.853893
R -13.5069 20.8317 4.53462 2.39969 -13.606 20.7507 -13.4868 20.8499 4.54085 2.49681 0.0736676 0.0641407 0.944412 0.476724 0.136685 0.853893
L -13.2599 20.9574 4.63876 2.28146 -13.2142 20.9737 -13.2582 20.9717 4.6044 2.37291 0.0734078 0.0639257 0.941085 0.475104 0.136685 0.149264
R -13.0142 21.074 4.71833 2.16854 -12.0825 21.3646 -13.0264 21.0872 4.6643 2.2477 0.0731579 0.0637112 0.9378 0.473487 2.16797 0.149264
L -12.75 21.2171 4.84023 2.09681 -12.7118 21.3432 -12.7917 21.1965 4.72053 2.12131 0.0729864 0.0635129 0.934591 0.471844 2.16797 1.03002
R -12.5211 21.3346 4.84842 2.03457 -12.6946 21.2291 -12.5543 21.2994 4.77306 1.99388 0.0727864 0.0633609 0.931384 0.470226 0.882943 1.03002
L -12.2421 21.4604 4.97398 1.94904 -12.1679 21.5349 -12.3143 21.3959 4.8219 1.86555 0.0727826 0.0633687 0.928274 0.468664 0.882943 0.698612
R -11.9753 21.5448 5.05953 1.7835 -11.2552 21.6205 -12.072 21.486 4.86702 1.73644 0.0729719 0.063339 0.925248 0.467083 1.57733 0.698612
L -11.7847 21.6424 4.99317 1.68149 -11.9786 21.7567 -11.8276 21.5696 4.90844 1.60668 0.0728103 0.0634078 0.922143 0.465543 1.57733 2.8576
R -11.5317 21.726 5.0372 1.56109 -11.3033 21.7891 -11.5811 21.6467 4.94615 1.47643 0.0726783 0.0635275 0.919073 0.46403 0.13812 2.8576
L -11.2577 21.7604 5.10073 1.35333 -11.1569 21.5707 -11.3329 21.7173 4.98017 1.34579 0.0726951 0.0634133 0.916058 0.462481 0.13812 2.48718
R -11.0177 21.834 5.09584 1.25961 -11.6156 21.6417 -11.083 21.7813 5.01051 1.21491 0.0726488 0.0633485 0.913046 0.460962 1.07511 2.48718
L -10.7924 21.8405 5.05196 1.03866 -10.8239 21.6462 -10.8317 21.8388 5.03719 1.08391 0.0724795 0.06314 0.910038 0.459458 1.07511 2.22367
R -10.5274 21.8859 5.11277 0.871547 -10.0557 22.2319 -10.5792 21.8898 5.06025 0.952912 0.0723637 0.0629341 0.907069 0.458001 1.01461 2.22367
L -10.2535 21.9232 5.16588 0.722634 -10.2017 21.894 -10.3256 21.9341 5.07971 0.822051 0.0723617 0.0627355 0.904146 0.456582 1.01461 0.201992
R -9.98943 21.9406 5.18949 0.548426 -9.88122 21.5481 -10.0711 21.972 5.09561 0.691445 0.0724256 0.0625838 0.901256 0.455252 1.38472 0.201992
L -9.74078 21.9639 5.18252 0.404905 -9.77038 21.9721 -9.81592 22.0033 5.10799 0.561215 0.0724433 0.0624627 0.898383 0.453963 1.38472 0.056232
R -9.47806 21.9711 5.20277 0.226937 -9.48221 21.8931 -9.56019 22.0282 5.11691 0.431476 0.0725091 0.0624299 0.895543 0.452809 0.157156 0.056232
L -9.26311 22.0059 5.13624 0.135219 -9.41029 22.1647 -9.3041 22.0465 5.1224 0.302344 0.0723528 0.0623159 0.892705 0.451569 0.157156 2.57012
R -9.00364 21.9978 5.14701 -0.0451003 -9.05214 21.8671 -9.04782 22.0584 5.12453 0.17393 0.07221 0.062305 0.889896 0.450482 0.231085 2.57012
L -8.71534 22.019 5.2119 -0.148587 -8.65675 22.1083 -8.79151 22.0639 5.12336 0.046341 0.0722354 0.0622111 0.887138 0.449337 0.231085 0.695032
R -8.4512 21.9969 5.23819 -0.377979 -8.60582 22.4381 -8.53534 22.0631 5.11895 -0.0803171 0.0723154 0.0622365 0.884428 0.448553 3.29103 0.695032
L -8.15893 22.0084 5.29625 -0.476182 -8.108 22.1304 -8.27947 22.0559 5.11137 -0.205944 0.0727113 0.0621563 0.881814 0.44767 3.29103 1.03173
R -7.88378 22.0005 5.30564 -0.587662 -7.07631 22.599 -8.02405 22.0425 5.10068 -0.330441 0.0733158 0.0620528 0.879252 0.446749 2.7097 1.03173
L -7.65232 21.9921 5.23609 -0.689596 -7.76 22.1292 -7.76924 22.0229 5.08697 -0.453715 0.0736599 0.0619102 0.876644 0.445766 2.7097 1.6601
R -7.39209 21.9387 5.22812 -0.914925 -7.67843 22.0828 -7.51519 21.9971 5.07031 -0.575677 0.074059 0.0618894 0.87407 0.445197 1.45571 1.6601
L -7.16771 21.9036 5.13828 -1.03846 -7.2723 21.9974 -7.26204 21.9653 5.05078 -0.696241 0.0741977 0.0618884 0.87146 0.444648 1.45571 1.10517
R -6.90441 21.8551 5.11845 -1.1682 -6.434 22.0079 -7.00994 21.9275 5.02847 -0.815324 0.0744246 0.0619567 0.868875 0.444155 0.55824 1.10517
L -6.73951 21.7853 4.9112 -1.31874 -6.96025 21.824 -6.75902 21.8838 5.00346 -0.932849 0.074218 0.062238 0.866314 0.443831 0.55824 3.10164
R -6.52332 21.7448 4.79539 -1.34023 -7.61343 21.5459 -6.50942 21.8342 4.97584 -1.04874 0.0740059 0.0624336 0.863859 0.443083 4.84641 3.10164
L -6.35517 21.6826 4.62803 -1.45173 -6.53769 21.7748 -6.26126 21.7789 4.94569 -1.16294 0.0741385 0.0626864 0.861659 0.442333 4.84641 2.46315
R -6.12181 21.6219 4.56 -1.48296 -5.6148 21.2147 -6.01466 21.7179 4.91312 -1.27537 0.0743742 0.0629323 0.85956 0.441324 4.85625 2.46315
L -5.87882 21.5748 4.56121 -1.55357 -5.86181 21.6984 -5.76976 21.6513 4.87822 -1.38597 0.0746225 0.0630199 0.857398 0.440224 4.85625 0.868019
R -5.65547 21.4921 4.52897 -1.71083 -5.92345 21.8491 -5.52665 21.5793 4.84107 -1.49469 0.0750483 0.0631865 0.855246 0.439258 2.01402 0.868019
L -5.36675 21.4454 4.61901 -1.76144 -5.2419 21.5904 -5.28546 21.5018 4.80178 -1.60148 0.0750856 0.0631498 0.852897 0.438161 2.01402 2.24833
R -5.10335 21.3698 4.63732 -1.83286 -3.33441 21.6774 -5.04628 21.4191 4.76045 -1.70628 0.0749949 0.0630794 0.850508 0.437012 7.70384 2.24833
L -4.86686 21.3198 4.61959 -1.86646 -4.88396 21.5199 -4.80922 21.3312 4.71717 -1.80906 0.0749077 0.0629057 0.84812 0.435791 7.70384 2.18087
R -4.64977 21.2396 4.53025 -1.87348 -5.29911 20.7449 -4.57436 21.2382 4.67204 -1.90978 0.0749105 0.0627279 0.845788 0.434566 4.03381 2.18087
L -4.33973 21.2486 4.68451 -1.78143 -4.20854 21.6781 -4.34181 21.1401 4.62517 -2.0084 0.0747 0.0630775 0.843421 0.433678 4.03381 11.4593
R -4.0869 21.1728 4.68793 -1.82419 -3.1589 21.4431 -4.11165 21.0373 4.57664 -2.10489 0.074514 0.063711 0.841103 0.432973 2.43876 11.4593
L -3.94234 21.0398 4.46959 -1.98319 -4.1265 20.9097 -3.88395 20.9296 4.52656 -2.19922 0.074434 0.0640628 0.838774 0.432069 2.43876 3.21781
R -3.71853 20.9008 4.44569 -2.22318 -3.56887 20.8741 -3.65879 20.8173 4.47504 -2.29137 0.0743609 0.0641862 0.836456 0.430904 2.72075 3.21781
L -3.46348 20.7463 4.44598 -2.39312 -3.36091 20.5346 -3.43624 20.7004 4.42216 -2.38133 0.0741838 0.0641 0.834157 0.429719 2.72075 3.00206
R -3.25687 20.6313 4.36032 -2.45928 -3.91178 20.5601 -3.21637 20.5791 4.36803 -2.46907 0.0740414 0.064041 0.831875 0.428544 1.26602 3.00206
L -2.98248 20.5144 4.42212 -2.54253 -2.85438 20.5218 -2.99923 20.4534 4.31275 -2.5546 0.0738502 0.0640247 0.82965 0.427379 1.26602 1.06384
R -2.72856 20.4039 4.42917 -2.54951 -1.29645 20.3141 -2.78489 20.3235 4.2564 -2.63789 0.0737667 0.0641243 0.827503 0.426272 6.75226 1.06384
L -2.54731 20.2542 4.29372 -2.67076 -2.62511 20.1777 -2.57339 20.1895 4.1991 -2.71895 0.073593 0.0641273 0.825304 0.425139 6.75226 0.73243
R -2.32712 20.1112 4.2566 -2.80195 -1.97724 20.2519 -2.36478 20.0515 4.14093 -2.79777 0.0734476 0.0641045 0.823138 0.424001 0.742108 0.73243
L -2.13034 19.9155 4.14567 -2.98112 -2.13855 19.6683 -2.1591 19.9097 4.082 -2.87437 0.073282 0.0639352 0.820959 0.422943 0.742108 3.31383
R -1.92884 19.7458 4.06643 -3.12118 -2.05241 19.4221 -1.95638 19.764 4.02238 -2.94874 0.0731154 0.0637795 0.818791 0.422009 0.99815 3.31383
L -1.70484 19.581 4.03706 -3.22569 -1.65223 19.5396 -1.75666 19.6147 3.96217 -3.02089 0.0730195 0.0636585 0.816651 0.42116 0.99815 0.264269
R -1.48727 19.4005 3.99787 -3.37994 -0.738775 19.2577 -1.55997 19.4618 3.90147 -3.09085 0.0730179 0.0636464 0.81454 0.420576 2.28896 0.264269
L -1.30888 19.2486 3.8876 -3.43774 -1.35851 19.3467 -1.36632 19.3055 3.84036 -3.15861 0.0729454 0.0636132 0.812424 0.419963 2.28896 0.663525
R -1.11428 19.0679 3.80876 -3.53567 -1.01545 18.8516 -1.17574 19.1458 3.77892 -3.22421 0.0728905 0.0636956 0.810319 0.419473 0.438865 0.663525
L -0.97643 18.8878 3.62186 -3.62041 -1.08512 18.8972 -0.988236 18.9829 3.71725 -3.28766 0.0727074 0.0638972 0.808257 0.419072 0.438865 0.772279
R -0.781564 18.7302 3.56494 -3.5917 -0.297213 18.675 -0.803824 18.8169 3.65542 -3.34899 0.0725382 0.0640345 0.806208 0.418357 2.33202 0.772279
L -0.617704 18.5921 3.47509 -3.59916 -0.656428 18.8029 -0.622508 18.6479 3.59351 -3.40821 0.0723537 0.0639953 0.804193 0.417512 2.33202 2.46669
R -0.44762 18.4081 3.39041 -3.67004 -0.507529 18.2624 -0.444288 18.476 3.53161 -3.46536 0.0721703 0.0640158 0.802212 0.416706 0.203681 2.46669
L -0.341308 18.2239 3.18459 -3.73531 -0.472563 18.2416 -0.269164 18.3013 3.46979 -3.52047 0.0721701 0.0640906 0.800441 0.415933 0.203681 1.13715
R -0.190969 18.034 3.08728 -3.82954 -0.402717 18.2 -0.0971295 18.1238 3.40813 -3.57357 0.0722953 0.0642456 0.798751 0.415283 0.506392 1.13715
L 0.0034387 17.8611 3.09221 -3.87262 0.0904022 17.9513 0.0718255 17.9438 3.34669 -3.6247 0.0722762 0.0643507 0.796955 0.414614 0.506392 0.941221
R 0.179675 17.6913 3.05179 -3.80862 0.752102 17.4652 0.237714 17.7612 3.28556 -3.67388 0.0722124 0.0643795 0.795141 0.413691 3.91722 0.941221
L 0.380282 17.5147 3.08299 -3.84691 0.484895 17.5811 0.400552 17.5762 3.22479 -3.72115 0.0720475 0.0643658 0.793233 0.41276 3.91722 0.959146
R 0.58201 17.3654 3.11773 -3.76167 1.8428 17.8251 0.560361 17.389 3.16445 -3.76656 0.0718859 0.0642285 0.791283 0.411742 9.59386 0.959146
L 0.679225 17.1639 2.93281 -3.83217 0.558563 17.1082 0.717162 17.1994 3.10461 -3.81013 0.0717587 0.064119 0.789433 0.410735 9.59386 1.12205
R 0.822454 16.9744 2.86137 -3.87584 0.759535 17.0392 0.870984 17.0078 3.04533 -3.85192 0.0716636 0.0640048 0.78761 0.409735 0.0514814 1.12205
L 0.925024 16.7946 2.71505 -3.89946 0.841759 16.8684 1.02185 16.8141 2.98666 -3.89195 0.0718071 0.0638637 0.785924 0.40874 0.0514814 0.742379
R 1.06567 16.5906 2.65894 -4.01412 1.37472 16.8477 1.16981 16.6185 2.92867 -3.93028 0.0719982 0.0637388 0.784248 0.407793 1.69211 0.742379
L 1.16734 16.3725 2.51577 -4.08639 1.10394 16.291 1.31487 16.4209 2.87142 -3.96695 0.0725497 0.063674 0.782749 0.406896 1.69211 0.616135
R 1.29482 16.1706 2.44341 -4.12752 1.38463 16.2359 1.4571 16.2216 2.81494 -4.00199 0.0732412 0.0636196 0.781297 0.406014 0.0778626 0.616135
L 1.53891 15.9549 2.62624 -4.19638 1.8035 15.923 1.59651 16.0206 2.7593 -4.03546 0.0731746 0.0636298 0.779488 0.405198 0.0778626 4.62583
R 1.64122 15.7563 2.49848 -4.18864 0.827112 15.8045 1.73317 15.8179 2.70454 -4.06739 0.073275 0.0636202 0.777768 0.404323 3.30715 4.62583
L 1.65888 15.5539 2.20323 -4.20545 1.43418 15.5774 1.86711 15.6137 2.65071 -4.09783 0.0744878 0.0636027 0.77654 0.403436 3.30715 3.33007
R 1.7989 15.3678 2.19461 -4.18048 2.50862 15.7505 1.99838 15.408 2.59786 -4.12682 0.0755592 0.0635131 0.775208 0.402505 4.22756 3.33007
L 1.94068 15.1552 2.19071 -4.22766 2.01311 15.1473 2.12703 15.2009 2.54602 -4.15442 0.0764512 0.0634413 0.773776 0.401595 4.22756 0.34607
R 2.05705 14.9361 2.134 -4.31901 2.37797 15.114 2.25311 14.9924 2.49524 -4.18065 0.0774364 0.0634101 0.772367 0.400771 1.27957 0.34607
L 2.23713 14.6982 2.21776 -4.39544 2.39489 14.6113 2.37668 14.7827 2.44555 -4.20557 0.0778383 0.0635239 0.770733 0.400051 1.27957 2.05182
R 2.33734 14.4715 2.12604 -4.43558 2.13497 14.2461 2.49779 14.5718 2.397 -4.22922 0.0784188 0.063742 0.769175 0.399373 0.698186 2.05182
L 2.5279 14.2828 2.24957 -4.42086 2.72365 14.4703 2.6165 14.3597 2.34961 -4.25165 0.0784685 0.0638086 0.767439 0.398621 0.698186 4.2937
R 2.65527 14.052 2.2185 -4.50581 3.16438 14.1304 2.73287 14.1465 2.30343 -4.27288 0.0784646 0.0639823 0.765706 0.398021 1.93602 4.2937
L 2.77929 13.8257 2.18659 -4.53858 2.81109 13.828 2.84695 13.9322 2.25847 -4.29298 0.0784189 0.0642391 0.763979 0.397461 1.93602 0.0658462
R 2.88013 13.5906 2.10755 -4.57081 2.70333 13.2741 2.95882 13.717 2.21478 -4.31197 0.0784201 0.0646553 0.762283 0.396943 1.10077 0.0658462
L 2.92658 13.3772 1.91858 -4.5683 2.8064 13.4294 3.06854 13.5009 2.17238 -4.32991 0.0788213 0.0650414 0.760755 0.396371 1.10077 1.10542
R 3.01087 13.182 1.84021 -4.46929 2.58903 13.4515 3.17617 13.2839 2.13129 -4.34682 0.0794196 0.0652535 0.759297 0.395566 3.07662 1.10542
L 3.16348 12.9795 1.91243 -4.47053 3.31266 13.1104 3.28177 13.0661 2.09154 -4.36275 0.0796353 0.0653645 0.757695 0.394748 3.07662 2.28684
R 3.28866 12.7608 1.93279 -4.41025 3.50416 12.2406 3.38542 12.8475 2.05316 -4.37774 0.0797195 0.0654748 0.756052 0.393875 4.15478 2.28684
L 3.34475 12.6169 1.80418 -4.30647 3.29401 12.964 3.48718 12.6282 2.01617 -4.39182 0.0801052 0.0653341 0.754509 0.393044 4.15478 6.7429
R 3.45949 12.405 1.81056 -4.31622 3.88839 12.4809 3.58713 12.4083 1.98058 -4.40503 0.0803763 0.0651904 0.75293 0.392222 1.4073 6.7429
L 3.59225 12.1824 1.85614 -4.35054 3.69076 12.1757 3.68533 12.1876 1.94641 -4.41741 0.0804364 0.0650482 0.751301 0.391386 1.4073 0.624997
R 3.67279 11.9736 1.79446 -4.32724 3.3772 11.9578 3.78186 11.9664 1.9137 -4.42898 0.0805836 0.0649078 0.7497 0.390588 0.847772 0.624997
L 3.81786 11.7502 1.87313 -4.36123 3.95029 11.7531 3.87678 11.7446 1.88244 -4.43979 0.080502 0.0647676 0.748069 0.389772 0.847772 1.11041
R 3.89624 11.5354 1.7974 -4.40554 3.85773 11.9001 3.97018 11.5223 1.85266 -4.44986 0.0804747 0.064633 0.746457 0.388939 1.46006 1.11041
L 4.01218 11.2682 1.81433 -4.49994 4.04721 11.0677 4.06213 11.2996 1.82437 -4.45922 0.0803681 0.0645266 0.744847 0.388109 1.46006 2.30001
R 4.13782 11.0613 1.8617 -4.4579 4.60651 11.3932 4.1527 11.0763 1.79758 -4.4679 0.0802013 0.0643954 0.743258 0.387276 3.13026 2.30001
L 4.19694 10.8886 1.75659 -4.38731 4.14933 11.0963 4.24196 10.8527 1.77231 -4.47593 0.0800839 0.0643004 0.741669 0.386491 3.13026 2.55191
R 4.26973 10.6738 1.68823 -4.4029 4.1326 10.843 4.33 10.6287 1.74858 -4.48333 0.08001 0.0642308 0.7401 0.385703 0.457723 2.55191
L 4.37101 10.4583 1.689 -4.41263 4.42111 10.4937 4.41689 10.4043 1.72638 -4.49013 0.0798961 0.0641907 0.738534 0.384918 0.457723 0.21417
R 4.47518 10.2335 1.69876 -4.43371 4.75659 10.1975 4.50271 10.1796 1.70573 -4.49636 0.0797474 0.0641507 0.736975 0.384127 0.760603 0.21417
L 4.53896 10.0114 1.62192 -4.44311 4.48366 9.99235 4.58753 9.95461 1.68663 -4.50203 0.079642 0.0641213 0.735437 0.383338 0.760603 0.202492
R 4.62825 9.79139 1.59656 -4.48241 4.96096 10.1488 4.67143 9.72935 1.66911 -4.50715 0.0795242 0.0641127 0.733912 0.382539 2.24955 0.202492
L 4.68702 9.59901 1.51683 -4.43925 4.65898 9.72335 4.7545 9.50385 1.65315 -4.51176 0.0794778 0.0642733 0.732434 0.38177 2.24955 0.922821
R 4.73978 9.42947 1.44258 -4.33011 4.47989 10.361 4.83681 9.27814 1.63878 -4.51587 0.0795587 0.0648763 0.731022 0.381165 8.88017 0.922821
L 4.77363 9.17645 1.32972 -4.39041 4.63217 8.98022 4.91844 9.05223 1.62599 -4.51949 0.079938 0.0652327 0.729759 0.380467 8.88017 3.15478
R 4.86367 8.93386 1.34014 -4.4482 5.06495 8.52665 4.99946 8.82616 1.61479 -4.52264 0.0802475 0.0654639 0.728469 0.379713 2.24093 3.15478
L 4.97088 8.67706 1.38847 -4.52676 5.05882 8.56623 5.07997 8.59994 1.60519 -4.52532 0.0803869 0.0655159 0.727107 0.378934 2.24093 1.21953
R 5.09121 8.45129 1.49229 -4.48198 5.36813 8.24251 5.16003 8.37361 1.59718 -4.52755 0.0803431 0.0655702 0.725652 0.378171 3.08716 1.21953
L 5.18056 8.18677 1.50282 -4.56006 5.18715 8.02727 5.23973 8.14717 1.59078 -4.52933 0.0802683 0.0654855 0.724198 0.377407 3.08716 1.42413
R 5.29962 7.94771 1.59868 -4.55065 5.49333 7.6344 5.31916 7.92067 1.58598 -4.53068 0.0801153 0.0653754 0.722731 0.376644 2.49903 1.42413
L 5.36838 7.71087 1.56008 -4.57002 5.32495 7.66023 5.39838 7.6941 1.58279 -4.5316 0.0799763 0.0652522 0.721273 0.375892 2.49903 0.240005
R 5.48796 7.47278 1.65283 -4.56795 5.74756 7.30442 5.47748 7.46751 1.5812 -4.53209 0.0798183 0.0651218 0.719838 0.375143 1.82952 0.240005
L 5.51761 7.24133 1.53114 -4.56568 5.34165 7.17527 5.55654 7.24091 1.58122 -4.53215 0.0796965 0.0649915 0.718404 0.374398 1.82952 1.99248
R 5.63279 7.02898 1.65005 -4.46492 5.52242 6.92525 5.63564 7.01431 1.58285 -4.53178 0.0795378 0.0648685 0.716984 0.373676 3.55179 1.99248
L 5.74857 6.79487 1.71841 -4.49129 5.85104 6.78356 5.71486 6.78775 1.58608 -4.53098 0.0794083 0.0647412 0.715608 0.372942 3.55179 0.629357
R 5.79088 6.58375 1.60332 -4.48925 5.5405 6.7359 5.79428 6.56124 1.59093 -4.52975 0.0792515 0.0646286 0.714193 0.372213 1.941 0.629357
L 5.8346 6.36239 1.52346 -4.47622 5.70661 6.33767 5.87398 6.33481 1.59737 -4.52808 0.0791339 0.0645245 0.712801 0.371494 1.941 0.958721
R 5.90873 6.1091 1.50882 -4.53632 5.63609 5.57892 5.95405 6.10848 1.60542 -4.52597 0.0790295 0.0643979 0.711428 0.370765 3.34121 0.958721
L 5.97418 5.89575 1.47709 -4.51321 5.95076 5.93707 6.03455 5.88226 1.61507 -4.52341 0.0789652 0.0642775 0.710089 0.370041 3.34121 0.134934
R 6.01859 5.66275 1.36924 -4.56285 5.96266 5.64138 6.11558 5.65619 1.62631 -4.52038 0.0790433 0.0641536 0.708888 0.36933 1.21336 0.134934
L 6.07349 5.45544 1.32246 -4.52649 6.0423 5.52 6.19721 5.43028 1.63914 -4.51687 0.0792651 0.0640483 0.707787 0.368614 1.21336 0.306273
R 6.14964 5.2237 1.32891 -4.5395 6.20583 5.17266 6.27951 5.20457 1.65356 -4.51288 0.0795225 0.0639356 0.706708 0.367905 0.145183 0.306273
L 6.23786 4.97803 1.35393 -4.58717 6.30992 4.93053 6.36258 4.97906 1.66956 -4.50838 0.0797454 0.0638126 0.705619 0.367229 0.145183 0.441731
R 6.29373 4.78951 1.30689 -4.51665 6.49415 5.34675 6.44648 4.7538 1.68714 -4.50337 0.0801521 0.0637286 0.704659 0.366526 3.98132 0.441731
L 6.42667 4.48926 1.42538 -4.68266 6.64607 4.28476 6.53131 4.52881 1.70628 -4.49781 0.0802598 0.0636537 0.703527 0.366004 3.98132 5.33804
R 6.52906 4.24804 1.52689 -4.67171 6.42345 4.10243 6.61712 4.30411 1.72698 -4.4917 0.0802909 0.0636266 0.702296 0.365476 1.77755 5.33804
L 6.64539 3.97098 1.60499 -4.76593 6.7837 3.85166 6.70401 4.07974 1.74923 -4.485 0.0802198 0.0638578 0.701021 0.365193 1.77755 1.96068
R 6.76624 3.72703 1.74181 -4.75398 6.88194 3.71244 6.79205 3.85571 1.77302 -4.4777 0.080084 0.0642254 0.6997 0.364898 1.68472 1.96068
L 6.8019 3.53674 1.6464 -4.64882 6.60478 3.66164 6.88132 3.63207 1.79834 -4.46978 0.0800815 0.0643705 0.698446 0.364377 1.68472 3.1343
R 6.88654 3.3155 1.67758 -4.6156 6.71835 3.36038 6.97188 3.40885 1.82518 -4.4612 0.0801019 0.0645034 0.697195 0.363817 0.636511 3.1343
L 7.00061 3.16259 1.73353 -4.46653 7.17782 3.43284 7.06383 3.18607 1.85352 -4.45194 0.0800455 0.0643989 0.695932 0.363138 0.636511 5.81065
R 7.1076 2.98973 1.83525 -4.34346 7.10962 3.4589 7.15723 2.96378 1.88336 -4.44197 0.0799539 0.0642985 0.694643 0.362513 5.65396 5.81065
L 7.20572 2.77792 1.86791 -4.32473 7.23497 2.79647 7.25216 2.742 1.91468 -4.43125 0.0798557 0.0642166 0.693361 0.361899 5.65396 0.0650174
R 7.30224 2.56803 1.86452 -4.31082 7.81269 2.7161 7.34868 2.52078 1.94746 -4.41977 0.0797581 0.0641622 0.692099 0.361291 2.75617 0.0650174
L 7.38448 2.35536 1.86497 -4.29496 7.33132 2.35955 7.44688 2.30016 1.98168 -4.40749 0.0797013 0.0641316 0.690862 0.360691 2.75617 0.15382
R 7.4586 2.10324 1.80967 -4.36665 7.29836 1.74476 7.54683 2.08018 2.01733 -4.39436 0.0797342 0.0640292 0.68971 0.360033 3.25768 0.15382
L 7.55675 1.8555 1.83357 -4.42342 7.58602 1.76558 7.64859 1.86087 2.0544 -4.38037 0.0797817 0.0639131 0.68858 0.359385 3.25768 0.525679
R 7.68303 1.63693 1.95653 -4.41248 7.99229 1.72323 7.75224 1.6423 2.09284 -4.36546 0.0797458 0.0637976 0.687376 0.358742 1.9298 0.525679
L 7.81633 1.31638 2.03055 -4.61545 7.97494 1.01608 7.85785 1.42449 2.13266 -4.34961 0.0796404 0.0640135 0.686157 0.358449 1.9298 6.71168
R 7.93411 1.12454 2.10399 -4.52708 8.13791 1.49328 7.96547 1.2075 2.17382 -4.33277 0.0795188 0.064092 0.68493 0.357992 2.82139 6.71168
L 7.9891 0.88738 2.03701 -4.53646 7.74579 0.856143 8.07519 0.991377 2.21629 -4.31491 0.0795434 0.0642799 0.683782 0.357595 2.82139 3.23754
R 8.10537 0.664087 2.123 -4.52398 7.9966 0.717656 8.18706 0.776179 2.26005 -4.29598 0.0795512 0.0645146 0.682604 0.357214 0.749681 3.23754
L 8.23559 0.470963 2.1917 -4.44463 8.34388 0.562841 8.30115 0.561955 2.30508 -4.27595 0.0795056 0.0646285 0.681418 0.356718 0.749681 1.14353
R 8.36546 0.27221 2.25178 -4.38208 8.9356 0.484177 8.41752 0.348763 2.35134 -4.25478 0.0794248 0.0646748 0.68023 0.356164 3.41298 1.14353
L 8.48189 0.115009 2.29239 -4.23842 8.48104 0.291966 8.53623 0.136661 2.39881 -4.23241 0.0793498 0.0645729 0.679053 0.355532 3.41298 1.8747
R 8.65902 -0.0995986 2.54919 -4.24437 9.02773 0.00101087 8.65734 -0.0742907 2.44744 -4.20881 0.0792096 0.0644763 0.677879 0.35491 6.43252 1.8747
L 8.82141 -0.26349 2.65445 -4.11194 8.96733 -0.139408 8.78091 -0.28403 2.4972 -4.18394 0.0791065 0.0643742 0.676749 0.35431 6.43252 2.11321
R 8.97543 -0.408349 2.78294 -3.96051 8.87814 0.254363 8.90699 -0.492491 2.54807 -4.15775 0.0790716 0.0644542 0.675704 0.353881 7.35546 2.11321
L 9.12505 -0.60358 2.85421 -3.91531 9.16885 -0.602737 9.03564 -0.699608 2.59998 -4.1302 0.0791101 0.0645915 0.674689 0.35349 7.35546 0.103472
R 9.26746 -0.826102 2.90564 -3.93289 9.30978 -1.13129 9.16691 -0.905311 2.65292 -4.10124 0.0791949 0.0646481 0.673678 0.353013 1.29012 0.103472
L 9.35913 -1.10313 2.85577 -4.07348 9.13964 -1.3033 9.30084 -1.10953 2.70683 -4.07084 0.0791318 0.0645369 0.672564 0.3524 1.29012 5.18058
R 9.51565 -1.34515 2.9843 -4.14185 9.30144 -1.67135 9.4375 -1.31219 2.76168 -4.03893 0.0791285 0.0644543 0.671527 0.351842 3.31719 5.18058
L 9.69746 -1.5529 3.08799 -4.10247 9.84791 -1.57675 9.57692 -1.51322 2.8174 -4.00549 0.0793084 0.0643853 0.670557 0.351281 3.31719 1.2445
R 9.83103 -1.71809 3.03538 -3.96073 9.81628 -1.35201 9.71914 -1.71253 2.87396 -3.97047 0.0794433 0.0642754 0.669471 0.350677 3.30578 1.2445
L 9.93991 -1.89977 3.01239 -3.90065 9.72359 -1.82788 9.86421 -1.91005 2.93131 -3.93381 0.0794307 0.064168 0.66834 0.350082 3.30578 2.7794
R 10.1087 -2.10314 3.15421 -3.90812 9.92581 -2.08875 10.0122 -2.1057 2.98938 -3.89549 0.0794954 0.0640586 0.667268 0.349485 1.76583 2.7794
L 10.2558 -2.30357 3.18204 -3.88395 10.2065 -2.31135 10.163 -2.29939 3.04813 -3.85546 0.0795445 0.06395 0.666178 0.348894 1.76583 0.138236
R 10.3759 -2.4617 3.08686 -3.74561 9.93719 -2.06904 10.3169 -2.49103 3.1075 -3.81368 0.0794837 0.0638644 0.665049 0.348324 5.39724 0.138236
L 10.5289 -2.70629 3.1102 -3.83292 10.5663 -2.86039 10.4737 -2.68054 3.16742 -3.7701 0.0794143 0.063774 0.663933 0.347755 5.39724 1.51324
R 10.665 -2.88331 3.05637 -3.74918 10.6621 -2.78836 10.6335 -2.86783 3.22785 -3.72468 0.0793015 0.0636729 0.662889 0.347172 1.29987 1.51324
L 10.785 -3.06673 3.03651 -3.7201 10.6279 -3.02971 10.7963 -3.05279 3.2887 -3.67739 0.079171 0.0635711 0.661937 0.346598 1.29987 1.39596
R 10.977 -3.25063 3.24449 -3.73082 10.9936 -3.04182 10.9622 -3.23535 3.34992 -3.62819 0.0790431 0.0634708 0.660857 0.346068 4.0399 1.39596
L 11.1413 -3.42843 3.28883 -3.67916 11.141 -3.40911 11.1311 -3.4154 3.41144 -3.57705 0.0789135 0.0633694 0.659793 0.345541 4.0399 0.0232335
R 11.3207 -3.60253 3.40496 -3.64277 11.1921 -3.33868 11.3032 -3.59284 3.47319 -3.52392 0.0787888 0.0632666 0.658708 0.345035 1.43764 0.0232335
L 11.5052 -3.80952 3.46405 -3.65292 11.5914 -3.89091 11.4783 -3.76758 3.53509 -3.46877 0.0786735 0.0632078 0.657629 0.344626 1.43764 0.770123
R 11.6839 -4.00241 3.5155 -3.63756 11.8203 -4.21307 11.6565 -3.9395 3.59707 -3.41158 0.0785594 0.0632068 0.65656 0.344302 0.518707 0.770123
L 11.8641 -4.19718 3.55895 -3.62576 11.8945 -4.23758 11.8378 -4.10852 3.65905 -3.35231 0.0784445 0.0633073 0.655504 0.344093 0.518707 0.143844
R 12.0631 -4.38316 3.65405 -3.60111 12.4401 -4.50646 12.0223 -4.27453 3.72095 -3.29094 0.0783506 0.0635088 0.65444 0.343987 1.48062 0.143844
L 12.2625 -4.52702 3.73248 -3.47824 12.298 -4.45269 12.2098 -4.43741 3.7827 -3.22744 0.0782805 0.0636116 0.653376 0.343724 1.48062 0.442467
R 12.4693 -4.69097 3.87521 -3.43504 12.3763 -4.33915 12.4003 -4.59707 3.84421 -3.16178 0.078252 0.0637336 0.652313 0.343517 2.10608 0.442467
L 12.6745 -4.79399 3.95348 -3.23397 12.6495 -4.63194 12.594 -4.75339 3.90539 -3.09395 0.0782595 0.0636721 0.651259 0.343052 2.10608 1.66768
R 12.8723 -4.94422 3.97216 -3.1387 13.0698 -4.87656 12.7907 -4.90626 3.96616 -3.02393 0.0782706 0.0636057 0.650205 0.342559 0.574394 1.66768
L 13.0777 -5.11193 4.02693 -3.10209 13.118 -5.15028 12.9904 -5.05558 4.02643 -2.95171 0.0783015 0.0635836 0.649155 0.342112 0.574394 0.169257
R 13.2521 -5.26313 4.01152 -3.04105 12.6188 -5.16246 13.1931 -5.20124 4.0861 -2.87726 0.078247 0.0635783 0.648124 0.341688 3.50968 0.169257
L 13.4134 -5.45198 3.9791 -3.07833 13.2779 -5.50545 13.3988 -5.34312 4.1451 -2.80059 0.0781259 0.0637748 0.647153 0.341502 3.50968 1.27522
R 13.6581 -5.5915 4.2125 -3.03424 13.8504 -4.96233 13.6074 -5.48111 4.20332 -2.72168 0.0780535 0.0639778 0.646119 0.341414 5.96099 1.27522
L 13.8399 -5.73331 4.20821 -2.96686 13.699 -5.67898 13.8189 -5.6151 4.26067 -2.64053 0.0779381 0.0642232 0.645096 0.341367 5.96099 1.21813
R 14.0773 -5.87917 4.34386 -2.91572 14.3872 -5.71768 14.0332 -5.74499 4.31706 -2.55715 0.0778539 0.0645654 0.644073 0.341423 1.46156 1.21813
L 14.3181 -5.99902 4.43101 -2.78716 14.392 -5.96477 14.2504 -5.87065 4.37238 -2.47154 0.0778239 0.0648663 0.643061 0.341344 1.46156 0.406946
R 14.5426 -6.14074 4.48684 -2.7292 14.5382 -6.20694 14.4703 -5.99197 4.42655 -2.38369 0.0778071 0.0653007 0.642055 0.341358 0.0465609 0.406946
L 14.7829 -6.2114 4.56566 -2.51128 14.7763 -6.0709 14.6928 -6.10885 4.47946 -2.29364 0.0778489 0.0654511 0.641063 0.341039 0.0465609 1.27372
R 15.0083 -6.33201 4.62874 -2.43862 14.7003 -6.11223 14.918 -6.22118 4.53101 -2.20138 0.077891 0.0656424 0.640081 0.340763 1.33694 1.27372
L 15.1792 -6.40372 4.57564 -2.28178 14.8509 -6.21469 15.1457 -6.32884 4.58111 -2.10694 0.0777918 0.0656733 0.63908 0.34037 1.33694 7.67612
R 15.4181 -6.51206 4.62534 -2.18444 15.7265 -6.46475 15.3758 -6.43173 4.62966 -2.01035 0.0777064 0.065724 0.638084 0.339979 0.712377 7.67612
L 15.6508 -6.6063 4.66691 -2.07246 15.6399 -6.57617 15.6084 -6.52973 4.67655 -1.91162 0.0776216 0.0657605 0.637093 0.339569 0.712377 0.0623007
R 15.8985 -6.71774 4.79971 -2.03487 15.7316 -6.60536 15.8432 -6.62276 4.72169 -1.81079 0.0775625 0.065871 0.63612 0.339272 1.77041 0.0623007
L 16.1457 -6.86185 4.84067 -2.04211 16.2265 -6.97743 16.0803 -6.71069 4.76497 -1.7079 0.0775278 0.0663032 0.635152 0.339256 1.77041 1.13747
R 16.35 -6.94349 4.74074 -1.90173 15.8267 -6.78095 16.3195 -6.79342 4.8063 -1.60298 0.077427 0.0667224 0.634185 0.339139 4.10107 1.13747
L 16.5892 -7.05164 4.77371 -1.85141 16.6141 -7.09003 16.5607 -6.87087 4.84558 -1.49608 0.0773243 0.0673681 0.633224 0.33919 4.10107 0.120979
R 16.8142 -7.14832 4.77729 -1.78791 16.4214 -7.35453 16.8038 -6.94292 4.88271 -1.38725 0.0772081 0.0682173 0.632281 0.339395 1.07385 0.120979
L 17.0568 -7.20125 4.81643 -1.63166 17.0335 -7.12355 17.0487 -7.00949 4.9176 -1.27653 0.0770916 0.0689313 0.631342 0.339444 1.07385 0.407454
R 17.2827 -7.26109 4.78904 -1.49719 17.0944 -6.8385 17.2953 -7.07048 4.95015 -1.16398 0.0769775 0.0696241 0.630444 0.339425 1.59097 0.407454
L 17.5588 -7.22309 4.87607 -1.15555 17.6002 -7.00217 17.5434 -7.1258 4.98026 -1.04968 0.0768654 0.0697245 0.629514 0.338961 1.59097 3.3978
R 17.838 -7.263 5.04131 -1.03582 18.2702 -6.07225 17.793 -7.17537 5.00785 -0.933668 0.076789 0.0697855 0.628565 0.338495 6.86079 3.3978
L 18.0969 -7.25687 5.07024 -0.80165 18.068 -7.13549 18.044 -7.21909 5.03282 -0.816029 0.0767282 0.0697112 0.627621 0.337986 6.86079 0.980542
R 18.3387 -7.25271 5.02584 -0.58529 18.3087 -6.15194 18.2961 -7.2569 5.05509 -0.696834 0.0766485 0.0696068 0.62668 0.337533 4.99072 0.980542
L 18.5805 -7.27909 5.02363 -0.469799 18.5372 -7.26977 18.5492 -7.28872 5.07456 -0.57616 0.0765528 0.0695045 0.625748 0.337078 4.99072 0.105182
R 18.863 -7.30425 5.12096 -0.358289 19.5536 -7.06548 18.8033 -7.31446 5.09116 -0.454089 0.0765079 0.069403 0.624815 0.336615 3.67412 0.105182
L 19.0848 -7.32152 5.0749 -0.257942 18.9302 -7.29311 19.0581 -7.33408 5.10481 -0.330708 0.0764079 0.069303 0.623887 0.336137 3.67412 1.3288
R 19.3233 -7.35279 5.04894 -0.190003 18.816 -8.27535 19.3135 -7.3475 5.11543 -0.206107 0.0762963 0.0692007 0.622971 0.335639 3.07102 1.3288
L 19.6603 -7.29194 5.17812 0.115298 19.9881 -7.22324 19.5694 -7.35466 5.12294 -0.0803797 0.0763435 0.0691824 0.622056 0.335311 3.07102 6.42728
R 19.9351 -7.29138 5.24533 0.217464 20.1094 -7.15442 19.8255 -7.35551 5.12728 0.0463764 0.0764628 0.069168 0.621171 0.334945 0.743551 6.42728
L 20.2206 -7.26317 5.27367 0.388966 20.3189 -7.25458 20.0818 -7.35 5.12836 0.17406 0.0767205 0.0692266 0.620307 0.334655 0.743551 0.542078
R 20.494 -7.27528 5.36949 0.413052 20.0602 -7.86255 20.3381 -7.33809 5.12615 0.302565 0.0770715 0.0692086 0.619537 0.334218 3.49868 0.542078
L 20.6924 -7.30354 5.25337 0.391779 20.4141 -7.35358 20.5942 -7.31974 5.12056 0.431784 0.0771418 0.0691129 0.618672 0.333736 3.49868 4.52783
R 20.9423 -7.26342 5.17279 0.557027 21.0198 -6.96188 20.8499 -7.29491 5.11155 0.561605 0.0771908 0.0690331 0.617778 0.333249 0.894973 4.52783
L 21.2041 -7.18105 5.15889 0.791911 21.1782 -7.07525 21.1051 -7.26358 5.09906 0.691914 0.0772633 0.0690761 0.616888 0.332808 0.894973 0.76493
R 21.4737 -7.1419 5.19158 0.902513 21.6131 -6.92172 21.3596 -7.22573 5.08306 0.822593 0.0773953 0.0691234 0.616021 0.332353 0.469106 0.76493
L 21.683 -7.23962 5.10294 0.681871 21.5691 -7.50657 21.6132 -7.18134 5.06349 0.953522 0.0773746 0.0690946 0.615134 0.332194 0.469106 5.7259
R 21.9169 -7.17459 4.93658 0.867753 22.3609 -6.74362 21.8657 -7.1304 5.04032 1.08458 0.0773119 0.0690357 0.614272 0.331919 4.88721 5.7259
L 22.2336 -7.01779 5.00988 1.24108 22.4821 -6.84052 22.117 -7.07291 5.01352 1.21564 0.0774534 0.0689997 0.613389 0.331444 4.88721 5.79404
R 22.445 -6.94145 4.808 1.39951 22.0518 -7.75788 22.3669 -7.00887 4.98307 1.34657 0.0774552 0.0689953 0.612581 0.330981 4.93753 5.79404
L 22.6352 -6.85355 4.69193 1.53743 22.3914 -6.78652 22.6151 -6.93829 4.94893 1.47726 0.0773519 0.0690454 0.61186 0.330524 4.93753 3.41479
R 22.8883 -6.81399 4.77201 1.56194 22.6149 -7.88858 22.8616 -6.86119 4.9111 1.60756 0.0772548 0.0689929 0.611033 0.330062 4.39355 3.41479
L 23.1022 -6.83113 4.71086 1.45908 23.0586 -7.02348 23.106 -6.77759 4.86956 1.73734 0.0771452 0.068954 0.610223 0.329926 4.39355 2.61352
R 23.3096 -6.75977 4.60442 1.55232 22.6521 -7.46004 23.3483 -6.68751 4.82431 1.86648 0.0770634 0.0689635 0.60947 0.329882 3.24523 2.61352
L 23.5425 -6.67486 4.57382 1.66618 23.5581 -6.66759 23.5883 -6.59099 4.77535 1.99484 0.0769929 0.0690102 0.608703 0.329879 3.24523 0.0173731
R 23.797 -6.61257 4.64403 1.71307 23.969 -7.15519 23.8257 -6.48809 4.72269 2.12228 0.0768995 0.0692288 0.607859 0.330129 2.39827 0.0173731
L 24.0059 -6.49754 4.56821 1.86379 23.8837 -6.42686 24.0604 -6.37883 4.66633 2.24867 0.0768456 0.0694173 0.607027 0.330296 2.39827 1.08995
R 24.2247 -6.39104 4.47367 1.99046 24.3438 -6.1767 24.2922 -6.26328 4.6063 2.37389 0.0768211 0.069649 0.606217 0.330456 0.515357 1.08995
L 24.4817 -6.2298 4.46685 2.22862 24.6144 -6.12588 24.5209 -6.14151 4.54262 2.49779 0.0767417 0.069708 0.605383 0.330301 0.515357 1.74133
R 24.7307 -6.13288 4.54721 2.28705 24.8015 -5.92355 24.7463 -6.01357 4.47532 2.62023 0.0766391 0.0698951 0.604551 0.330309 2.17352 1.74133
L 24.9577 -6.0018 4.49391 2.41841 24.9561 -5.97289 24.9683 -5.87956 4.40444 2.7411 0.0765347 0.0700947 0.603729 0.330288 2.17352 0.055402
R 25.1696 -5.86593 4.38156 2.54889 25.2043 -5.60245 25.1866 -5.73954 4.33001 2.86026 0.0764338 0.0703129 0.602899 0.330237 0.483908 0.055402
L 25.4108 -5.70692 4.34972 2.71918 25.5127 -5.65871 25.4011 -5.5936 4.25209 2.97757 0.0763299 0.0704679 0.602087 0.33006 0.483908 0.735501
R 25.5978 -5.56266 4.18837 2.83406 25.1219 -6.08842 25.6117 -5.44185 4.17073 3.09291 0.0762282 0.0706558 0.601258 0.329885 2.34427 0.735501
L 25.764 -5.29673 4.00415 3.18762 25.5133 -5.02906 25.8181 -5.28439 4.08598 3.20616 0.0761763 0.0705616 0.600447 0.329433 2.34427 7.88132
R 25.9602 -5.13696 3.91657 3.29133 25.8718 -5.258 26.0202 -5.12131 3.99791 3.31719 0.0761367 0.0704697 0.599639 0.328985 0.0661483 7.88132
L 26.1523 -5.03081 3.84701 3.26803 26.1696 -5.15715 26.2178 -4.95274 3.90659 3.42588 0.0761096 0.0704916 0.598827 0.328638 0.0661483 1.06479
R 26.3458 -4.83768 3.7387 3.42868 26.7614 -3.08969 26.4107 -4.7788 3.81209 3.53212 0.0760812 0.0704625 0.598023 0.328235 5.27836 1.06479
L 26.5511 -4.5832 3.64263 3.70456 26.6275 -4.42212 26.5989 -4.5996 3.7145 3.63578 0.0760186 0.0703719 0.597222 0.327808 5.27836 2.06069
R 26.7605 -4.41459 3.67363 3.76224 26.871 -4.28196 26.7821 -4.41529 3.6139 3.73676 0.0759239 0.0702765 0.59642 0.327366 1.9597 2.06069
L 26.9079 -4.27648 3.53961 3.74059 26.7603 -4.37714 26.9602 -4.226 3.51038 3.83494 0.0758699 0.0702305 0.595616 0.32696 1.9597 1.87265
R 27.1143 -4.10054 3.60307 3.79848 27.0374 -3.55517 27.1331 -4.03186 3.40403 3.93023 0.0757738 0.0702264 0.594902 0.326591 3.75081 1.87265
L 27.3397 -3.8848 3.58442 3.93767 27.5646 -3.84582 27.3006 -3.83304 3.29495 4.02252 0.0756991 0.0701832 0.594292 0.326181 3.75081 2.83382
R 27.4961 -3.67187 3.3573 4.05227 27.8979 -3.80197 27.4625 -3.62967 3.18325 4.11172 0.0756176 0.0701232 0.593563 0.325758 3.99864 2.83382
L 27.6848 -3.47552 3.29568 4.12245 27.8006 -3.49682 27.6188 -3.42193 3.06903 4.19774 0.0755935 0.0700842 0.592885 0.325346 3.99864 0.746142
R 27.8367 -3.249 3.11602 4.24272 28.156 -2.47925 27.7694 -3.20995 2.95242 4.28049 0.0755727 0.0700197 0.592154 0.324918 2.17262 0.746142
L 27.9652 -2.9972 2.94713 4.39611 27.8439 -2.91563 27.914 -2.99393 2.83351 4.35989 0.0755183 0.0699267 0.591395 0.324491 2.17262 1.21703
R 28.1054 -2.77018 2.81469 4.48508 28.0476 -2.41976 28.0527 -2.77401 2.71243 4.43586 0.0754668 0.0698342 0.590634 0.32407 0.238793 1.21703
L 28.2072 -2.52097 2.62129 4.60012 28.0346 -2.4696 28.1853 -2.55039 2.5893 4.50833 0.0753754 0.0697582 0.589854 0.323676 0.238793 1.76687
R 28.3143 -2.28035 2.39637 4.68762 28.3248 -2.46974 28.3116 -2.32322 2.46425 4.57724 0.075276 0.0697009 0.589086 0.323298 1.00744 1.76687
L 28.459 -2.08983 2.32365 4.6729 28.5977 -2.18783 28.4317 -2.0927 2.3374 4.64252 0.0751899 0.0696093 0.588311 0.322876 1.00744 1.65681
R 28.5947 -1.86748 2.28093 4.71528 28.6844 -2.17053 28.5453 -1.859 2.20888 4.70412 0.0751337 0.0695192 0.58755 0.322453 1.02098 1.65681
L 28.7261 -1.64884 2.19358 4.74256 28.8261 -1.68876 28.6526 -1.62231 2.07883 4.76199 0.0751295 0.0694414 0.586809 0.322032 1.02098 0.640688
R 28.8326 -1.41852 2.11476 4.78332 28.3124 -1.6871 28.7532 -1.38282 1.94737 4.8161 0.0751411 0.0693747 0.586105 0.321615 2.87551 0.640688
L 28.9417 -1.13412 1.98613 4.92366 28.9751 -1.03856 28.8473 -1.14071 1.81465 4.86639 0.0751977 0.0692851 0.585407 0.32121 2.87551 0.652169
R 29.0248 -0.881435 1.85184 4.98233 28.4647 -0.32712 28.9347 -0.896184 1.6808 4.91284 0.0752402 0.0691992 0.584711 0.320812 3.23677 0.652169
L 29.0972 -0.631904 1.69391 5.02458 29.0173 -0.634573 29.0154 -0.649428 1.54595 4.95543 0.0752579 0.0691152 0.584002 0.320415 3.23677 0.343661
R 29.145 -0.365032 1.43398 5.08771 28.9615 0.162307 29.0893 -0.400636 1.41024 4.99413 0.075214 0.0690496 0.583248 0.320036 2.05512 0.343661
L 29.1928 -0.188549 1.28849 4.97065 29.0872 -0.363706 29.1564 -0.150004 1.27382 5.02893 0.0751398 0.0689883 0.582496 0.319637 2.05512 2.56687
R 29.2536 0.0770213 1.09939 5.03452 29.7564 1.14927 29.2167 0.102274 1.13682 5.05982 0.0750664 0.0689115 0.58175 0.319229 4.38905 2.56687
L 29.3009 0.352887 0.93626 5.10823 29.2861 0.404402 29.2701 0.356002 0.999371 5.08681 0.0749863 0.0688233 0.581013 0.318821 4.38905 0.18404
R 29.3462 0.612435 0.807758 5.14148 29.1776 1.14383 29.3166 0.610984 0.861619 5.10989 0.0749054 0.0687352 0.580276 0.318417 0.68684 0.18404
L 29.4139 0.786548 0.743676 5.01106 29.5469 0.605555 29.3563 0.867027 0.723698 5.12908 0.0748663 0.0687677 0.579536 0.318067 0.68684 3.09677
R 29.4327 1.05469 0.537754 5.05723 29.3942 2.37688 29.389 1.12393 0.585743 5.14439 0.0748034 0.068769 0.578803 0.317692 2.73658 3.09677
L 29.4773 1.34319 0.414271 5.14233 29.5867 1.42748 29.4149 1.38152 0.447888 5.15584 0.0747745 0.0687088 0.578071 0.31729 2.73658 1.0852
R 29.5093 1.6045 0.289552 5.16315 29.9335 1.97385 29.4338 1.63957 0.310266 5.16347 0.0747765 0.0686444 0.57734 0.316888 1.82357 1.0852
L 29.504 1.86368 0.113714 5.16757 29.4282 1.86217 29.4459 1.89792 0.173006 5.1673 0.074739 0.0685793 0.576618 0.316487 1.82357 0.30939
R 29.4943 2.1176 -0.0967906 5.15468 29.7238 1.41909 29.4512 2.15637 0.0362376 5.16738 0.0746761 0.0685205 0.57593 0.316089 1.56475 0.30939
L 29.4731 2.4533 -0.304466 5.29212 29.4355 2.62855 29.4496 2.41474 -0.0999139 5.16374 0.0745915 0.0684617 0.575297 0.315757 1.56475 2.05791
R 29.4553 2.7126 -0.461187 5.27165 29.525 2.24548 29.4412 2.67283 -0.235325 5.15644 0.0745014 0.0684048 0.574687 0.315414 0.292479 2.05791
L 29.4801 3.03922 -0.551981 5.38763 29.7424 3.20057 29.426 2.93047 -0.369875 5.14552 0.0744574 0.0685353 0.574041 0.315252 0.292479 5.27498
R 29.4506 3.31007 -0.663014 5.37718 28.9264 3.72211 29.4042 3.18747 -0.503448 5.13105 0.0744005 0.068723 0.57338 0.315099 2.73431 5.27498
L 29.4444 3.51343 -0.74083 5.24228 29.5679 3.37337 29.3757 3.44367 -0.635928 5.11309 0.0743869 0.0687256 0.57269 0.314772 2.73431 2.12233
R 29.3988 3.77598 -0.882428 5.2219 29.0715 3.9654 29.3406 3.69889 -0.767205 5.09171 0.0743511 0.0687476 0.572008 0.314448 0.881554 2.12233
L 29.3348 3.93888 -1.02474 5.00943 29.2254 3.70749 29.299 3.95295 -0.897172 5.06698 0.0742805 0.0686661 0.571335 0.314072 0.881554 3.99273
R 29.315 4.1903 -1.06116 4.99371 29.7082 4.22378 29.2509 4.2057 -1.02573 5.03897 0.074257 0.0685855 0.570632 0.313692 2.19866 3.99273
L 29.2239 4.39998 -1.24008 4.88264 29.0468 4.29607 29.1964 4.45697 -1.15277 5.00776 0.074178 0.0685594 0.569945 0.313367 2.19866 2.32784
R 29.1541 4.64356 -1.36971 4.84797 28.8869 4.75902 29.1356 4.7066 -1.2782 4.97344 0.0740926 0.0685463 0.569262 0.313044 0.572872 2.32784
L 29.0611 4.92936 -1.54953 4.88698 28.9789 5.02462 29.0686 4.95444 -1.40194 4.93609 0.0740027 0.0684735 0.568611 0.312669 0.572872 0.969762
R 28.9992 5.17425 -1.58627 4.85785 28.7325 5.2483 28.9954 5.20034 -1.52389 4.8958 0.0739124 0.068402 0.567924 0.312293 1.96653 0.969762
L 28.9702 5.3972 -1.61296 4.79287 29.2109 5.37581 28.9162 5.44416 -1.64397 4.85267 0.0738703 0.0683578 0.567233 0.311925 1.96653 3.18382
R 28.866 5.65561 -1.78962 4.78231 28.1556 7.7268 28.831 5.68575 -1.7621 4.80678 0.0738006 0.0682908 0.566544 0.311548 6.77369 3.18382
L 28.7719 5.91241 -1.91724 4.771 28.7725 5.9562 28.7399 5.92498 -1.87822 4.75823 0.0737278 0.0682107 0.56586 0.31117 6.77369 0.122077
R 28.6473 6.15902 -2.11231 4.72806 28.0465 7.37839 28.6431 6.16173 -1.99225 4.70713 0.0736388 0.0681282 0.565205 0.310795 3.40884 0.122077
L 28.5422 6.38116 -2.2258 4.64809 28.5522 6.35276 28.5407 6.39585 -2.10412 4.65358 0.0735498 0.0680497 0.564554 0.31042 3.40884 0.0579296
R 28.4644 6.62854 -2.27873 4.63063 29.2418 7.54597 28.4327 6.62724 -2.21379 4.59767 0.0734776 0.0679677 0.563882 0.31005 8.70284 0.0579296
L 28.3743 6.80868 -2.33737 4.4838 28.4717 6.70428 28.3192 6.85578 -2.32119 4.53952 0.073439 0.0679252 0.563204 0.309689 8.70284 1.25251
R 28.2587 7.02377 -2.41113 4.4147 28.1177 6.26311 28.2005 7.08135 -2.42628 4.47922 0.0734062 0.0679023 0.562529 0.309333 1.80394 1.25251
L 28.1227 7.35157 -2.56405 4.55833 28.123 7.60344 28.0765 7.30386 -2.529 4.41689 0.0733532 0.0678612 0.561859 0.309041 1.80394 4.03581
R 27.9851 7.58527 -2.6955 4.50664 27.7497 8.38372 27.9475 7.52321 -2.62933 4.35263 0.0732887 0.0678479 0.561197 0.308763 0.963762 4.03581
L 27.8597 7.79467 -2.77956 4.41627 27.9059 7.76757 27.8135 7.73929 -2.72722 4.28656 0.073236 0.0678209 0.560534 0.30846 0.963762 0.169162
R 27.7044 8.01263 -2.91858 4.34053 27.3838 8.21907 27.6747 7.95203 -2.82265 4.21877 0.0731633 0.0678047 0.559888 0.308151 0.684829 0.169162
L 27.539 8.2253 -3.05235 4.25861 27.46 8.20897 27.5312 8.16134 -2.91558 4.14938 0.0730776 0.0677958 0.559264 0.307832 0.684829 0.35098
R 27.3603 8.41373 -3.26106 4.1152 27.7325 7.24638 27.3831 8.36714 -3.00599 4.07849 0.0729996 0.0677535 0.55874 0.307473 3.75455 0.35098
L 27.22 8.57009 -3.31428 3.94305 27.3044 8.47237 27.2305 8.56936 -3.09388 4.00622 0.0729152 0.0676736 0.558183 0.307125 3.75455 1.04059
R 27.0475 8.77473 -3.45035 3.86558 26.9578 9.67899 27.0736 8.76794 -3.17922 3.93267 0.0728404 0.0675947 0.557681 0.306781 1.57692 1.04059
L 26.8045 9.07516 -3.69965 3.96177 26.5692 9.29585 26.9125 8.9628 -3.262 3.85794 0.0729428 0.0677345 0.55743 0.306462 1.57692 6.41156
R 26.6233 9.26609 -3.73725 3.86837 26.3023 8.56687 26.7473 9.1539 -3.34223 3.78216 0.0731041 0.0678726 0.557105 0.306131 3.70406 6.41156
L 26.4321 9.38367 -3.82011 3.62577 26.3716 9.20367 26.5781 9.34119 -3.4199 3.70541 0.0733588 0.0678244 0.55679 0.305798 3.70406 2.19522
R 26.2771 9.58181 -3.77469 3.59004 26.372 9.97194 26.4052 9.52461 -3.49502 3.62781 0.0735337 0.0678015 0.556304 0.305447 2.92869 2.19522
L 26.0925 9.79665 -3.85921 3.57314 26.1471 9.89295 26.2285 9.70414 -3.56759 3.54945 0.0737405 0.0678694 0.555835 0.305093 2.92869 0.720676
R 25.9207 9.99839 -3.81664 3.56112 25.3582 10.7466 26.0483 9.87973 -3.63763 3.47045 0.073911 0.0680312 0.555257 0.30477 4.5466 0.720676
L 25.7659 10.0903 -3.81205 3.32084 25.8724 9.91294 25.8646 10.0514 -3.70515 3.39089 0.0739779 0.0679782 0.554637 0.304436 4.5466 2.74395
R 25.5666 10.2537 -3.93107 3.22491 25.6726 10.5934 25.6776 10.219 -3.77016 3.31087 0.0740847 0.0679202 0.554051 0.304112 0.979426 2.74395
L 25.3944 10.3198 -3.93538 2.95856 25.4369 10.1104 25.4875 10.3826 -3.8327 3.2305 0.074134 0.0679089 0.553434 0.304042 0.979426 2.9426
R 25.1968 10.4883 -3.98416 2.91475 24.4778 11.9539 25.2942 10.5422 -3.89278 3.14987 0.0741959 0.06788 0.552815 0.303902 4.29925 2.9426
L 24.9752 10.6489 -4.08861 2.85212 24.8955 10.6742 25.098 10.6978 -3.95044 3.06906 0.0743437 0.0678426 0.55222 0.303731 4.29925 0.404352
R 24.7785 10.7984 -4.08056 2.79395 24.3543 10.8958 24.899 10.8493 -4.00571 2.98817 0.0744821 0.0678087 0.551599 0.303525 2.30526 0.404352
L 24.5811 10.92 -4.12286 2.67573 24.6024 10.8869 24.6973 10.9967 -4.05861 2.90729 0.074604 0.0678302 0.550978 0.30338 2.30526 0.09984
R 24.3809 11.0772 -4.17934 2.63678 24.1967 12.6404 24.493 11.1402 -4.10919 2.8265 0.0747107 0.0678196 0.55036 0.30317 5.68766 0.09984
L 24.1909 11.234 -4.20787 2.60479 24.3047 11.321 24.2862 11.2795 -4.15749 2.74589 0.074764 0.0677772 0.54974 0.3029 5.68766 1.11885
R 23.9803 11.3451 -4.28673 2.47304 24.5863 10.4852 24.0771 11.4149 -4.20354 2.66553 0.0748213 0.067782 0.54913 0.302695 2.36778 1.11885
L 23.7804 11.3918 -4.29293 2.23437 23.7789 11.2152 23.8657 11.5462 -4.24739 2.58551 0.0748467 0.0681023 0.548513 0.302814 2.36778 1.97139
R 23.5821 11.5087 -4.27806 2.16522 23.7361 11.4278 23.6522 11.6736 -4.28909 2.50589 0.0748363 0.0684748 0.547894 0.302904 0.643957 1.97139
L 23.355 11.6577 -4.35565 2.15558 23.3423 11.7567 23.4366 11.797 -4.32868 2.42676 0.0748521 0.0687165 0.547278 0.302837 0.643957 0.638971
R 23.1369 11.7729 -4.39027 2.08718 22.8857 12.2555 23.2191 11.9164 -4.36622 2.34818 0.0748695 0.0689757 0.546664 0.302749 0.540352 0.638971
L 22.8923 11.9218 -4.48285 2.08855 22.8321 12.0192 22.9998 12.0319 -4.40174 2.27022 0.0749587 0.0690953 0.546064 0.302532 0.540352 0.849895
R 22.6817 12.0411 -4.47498 2.04677 22.7202 12.4833 22.7788 12.1436 -4.43532 2.19295 0.0750156 0.0691879 0.545456 0.302272 1.04504 0.849895
L 22.4586 12.1426 -4.51089 1.96457 22.4654 12.1469 22.5561 12.2513 -4.46699 2.11642 0.0750733 0.0693013 0.544851 0.30202 1.04504 0.00352062
R 22.2594 12.2546 -4.42636 1.94392 22.4194 11.8766 22.3319 12.3553 -4.49681 2.04071 0.0750676 0.069387 0.544254 0.301718 2.52567 0.00352062
L 21.9862 12.3727 -4.54648 1.91299 21.7874 12.3787 22.1062 12.4555 -4.52484 1.96586 0.0751973 0.0694195 0.54365 0.301393 2.52567 2.21798
R 21.7617 12.4685 -4.59605 1.83121 22.0426 12.7495 21.8792 12.552 -4.55114 1.89194 0.0753173 0.069454 0.543051 0.301072 1.42708 2.21798
L 21.5305 12.5473 -4.62545 1.73013 21.515 12.5172 21.6509 12.6448 -4.57575 1.81899 0.0754466 0.0695286 0.542455 0.300768 1.42708 0.0660895
R 21.3171 12.6353 -4.58267 1.67628 21.6464 12.0735 21.4215 12.734 -4.59875 1.74706 0.0755226 0.0696065 0.541857 0.300454 1.42289 0.0660895
L 21.0982 12.8315 -4.61479 1.83543 21.2694 13.1512 21.1909 12.8197 -4.62018 1.6762 0.0755649 0.069532 0.54126 0.300216 1.42289 7.54833
R 20.8536 12.9185 -4.71237 1.73906 20.6799 13.6331 20.9593 12.9018 -4.6401 1.60647 0.0756442 0.0694599 0.540675 0.29995 2.29899 7.54833
L 20.6695 12.9698 -4.64569 1.59894 20.8491 12.9353 20.7267 12.9804 -4.65858 1.53789 0.0756087 0.0693855 0.540082 0.299635 2.29899 1.95268
R 20.4247 13.0065 -4.77566 1.39331 21.2381 12.1655 20.4932 13.0557 -4.67567 1.47051 0.0755939 0.0693478 0.539511 0.299329 6.52093 1.95268
L 20.1874 13.1156 -4.80938 1.39073 20.2433 13.2333 20.2589 13.1276 -4.69142 1.40437 0.0755851 0.0692743 0.53895 0.299003 6.52093 0.975974
R 19.9421 13.2004 -4.79883 1.36493 19.1758 13.6223 20.0239 13.1962 -4.70591 1.3395 0.0755992 0.069199 0.53838 0.298679 3.24937 0.975974
L 19.7545 13.1978 -4.71364 1.14932 19.89 13.0662 19.7882 13.2616 -4.71918 1.27594 0.0755333 0.0691878 0.537795 0.298413 3.24937 2.30569
R 19.515 13.2806 -4.72986 1.12995 18.8414 14.4265 19.5518 13.3239 -4.73129 1.21372 0.0754708 0.0691421 0.537211 0.298114 3.79336 2.30569
L 19.211 13.3788 -4.87065 1.13865 18.9873 13.4215 19.3149 13.3831 -4.7423 1.15287 0.0755439 0.0690676 0.536663 0.297792 3.79336 3.05689
R 18.9703 13.4169 -4.88121 1.02435 19.2999 12.6552 19.0774 13.4392 -4.75226 1.09341 0.0756263 0.0690007 0.536116 0.297488 1.61552 3.05689
L 18.7483 13.4246 -4.8474 0.860577 18.7874 13.332 18.8395 13.4925 -4.76124 1.03538 0.0756633 0.0689983 0.535553 0.297278 1.61552 0.659303
R 18.4918 13.4677 -4.89095 0.778101 17.9617 13.7891 18.6011 13.5429 -4.76928 0.97879 0.0757518 0.0690122 0.535007 0.297104 1.19161 0.659303
L 18.2833 13.5625 -4.86246 0.811727 18.5012 13.776 18.3624 13.5904 -4.77644 0.923668 0.0757591 0.0689503 0.534447 0.29683 1.19161 5.03493
R 18.0403 13.6379 -4.82656 0.842186 17.2223 14.5158 18.1233 13.6353 -4.78278 0.870034 0.0757753 0.0688765 0.533879 0.296515 4.54507 5.03493
L 17.8257 13.6872 -4.79622 0.790566 17.9436 13.7469 17.8839 13.6775 -4.78834 0.817907 0.0757422 0.0688043 0.533308 0.296201 4.54507 0.939715
R 17.5863 13.7185 -4.84933 0.683096 17.9681 13.9542 17.6443 13.7172 -4.79318 0.767303 0.0757087 0.068731 0.532746 0.29591 2.43579 0.939715
L 17.3364 13.7478 -4.87035 0.604897 17.3027 13.7285 17.4044 13.7543 -4.79734 0.718238 0.0756931 0.0686585 0.532189 0.295642 2.43579 0.0810087
R 17.095 13.7895 -4.88556 0.555449 17.0811 14.3435 17.1644 13.789 -4.80088 0.670728 0.0756804 0.0685856 0.531638 0.295375 1.43165 0.0810087
L 16.862 13.8461 -4.88366 0.544645 16.9456 13.9531 16.9242 13.8214 -4.80385 0.624784 0.0756544 0.0685223 0.531088 0.295085 1.43165 1.00573
R 16.6342 13.8518 -4.84258 0.443938 17.3034 12.7369 16.6839 13.8516 -4.80628 0.580418 0.0756088 0.0684498 0.530528 0.29484 4.35506 1.00573
L 16.4509 13.8287 -4.73517 0.285972 16.6201 13.7709 16.4434 13.8795 -4.80823 0.537642 0.0755298 0.0684174 0.529979 0.294756 4.35506 1.97421
R 16.2293 13.8557 -4.66699 0.272413 16.2884 13.7529 16.2029 13.9054 -4.80974 0.496465 0.07546 0.0683833 0.529461 0.294625 1.09056 1.97421
L 16.0279 13.8536 -4.61214 0.177605 16.1305 13.8507 15.9623 13.9292 -4.81085 0.456895 0.0754407 0.0683994 0.528983 0.294593 1.09056 0.614919
R 15.8136 13.8554 -4.55558 0.117822 16.2232 13.2228 15.7217 13.9511 -4.8116 0.418941 0.0754789 0.0684679 0.528559 0.294607 1.85791 0.614919
L 15.5522 13.8992 -4.62672 0.132042 15.4765 13.9799 15.481 13.9712 -4.81203 0.382607 0.0754701 0.0684754 0.528074 0.294522 1.85791 0.798473
R 15.3279 13.9092 -4.63225 0.0708246 15.6433 14.169 15.2404 13.9895 -4.81218 0.347902 0.0754971 0.0685023 0.527586 0.294486 1.47171 0.798473
L 15.1107 13.9503 -4.62097 0.084158 15.2167 14.0962 14.9997 14.006 -4.81208 0.314829 0.0755885 0.0684781 0.527108 0.294368 1.47171 1.76429
R 14.9065 13.9345 -4.59445 -0.0294541 16.1471 13.3014 14.7591 14.021 -4.81178 0.283394 0.0758085 0.0685204 0.526653 0.294407 6.91605 1.76429
L 14.6144 13.9609 -4.70962 -0.0267881 14.4216 13.9722 14.5184 14.0344 -4.8113 0.2536 0.0758561 0.0685312 0.526127 0.294379 6.91605 2.21009
R 14.3709 13.9543 -4.72005 -0.0911625 14.0834 13.8593 14.2778 14.0464 -4.81067 0.22545 0.075896 0.0685883 0.525598 0.294427 0.67624 2.21009
L 14.0475 13.9981 -4.8838 -0.0376508 13.7936 14.0438 14.0373 14.057 -4.80993 0.198947 0.0758189 0.0685697 0.525066 0.294319 0.67624 4.04905
R 13.7805 14.006 -4.88565 -0.0314521 12.7125 13.9172 13.7967 14.0663 -4.8091 0.174094 0.0757443 0.0685537 0.524536 0.294164 7.62168 4.04905
L 13.5322 14.018 -4.89663 -0.049597 13.5367 14.0609 13.5563 14.0745 -4.80821 0.150893 0.0756742 0.0685311 0.524011 0.294001 7.62168 0.109677
R 13.29 14.0217 -4.8598 -0.0529045 13.1756 13.7467 13.3158 14.0815 -4.80729 0.129345 0.0756055 0.0685144 0.523478 0.293816 1.22591 0.109677
L 13.0706 13.994 -4.8115 -0.147551 13.1207 13.9437 13.0755 14.0874 -4.80635 0.109452 0.0755284 0.0685747 0.522942 0.293745 1.22591 0.330083
R 12.8415 13.9863 -4.75256 -0.161085 13.012 13.4479 12.8351 14.0925 -4.80542 0.0912136 0.0754516 0.0686727 0.522412 0.293666 2.08441 0.330083
L 12.6174 13.9671 -4.72459 -0.224099 12.65 13.9493 12.5949 14.0966 -4.80452 0.074632 0.0753815 0.0688518 0.521891 0.293676 2.08441 0.088511
R 12.3985 13.9778 -4.65173 -0.184627 12.6389 13.9709 12.3546 14.1 -4.80366 0.0597074 0.0753307 0.0690023 0.521405 0.293584 1.49349 0.088511
L 12.1844 14.0307 -4.6359 -0.102941 12.3331 14.277 12.1144 14.1026 -4.80286 0.0464402 0.0753203 0.0690082 0.520929 0.293363 1.49349 4.4859
R 11.9473 14.0569 -4.62231 -0.0431125 11.5246 14.5844 11.8743 14.1046 -4.80214 0.0348309 0.0753156 0.0689716 0.520463 0.293087 2.15511 4.4859
L 11.6742 14.0327 -4.69041 -0.0980613 11.5002 13.8978 11.6342 14.1061 -4.80151 0.0248797 0.0752608 0.0689809 0.51996 0.292842 2.15511 2.61069
R 11.4459 14.0714 -4.6509 -0.0021471 11.3723 14.7565 11.3941 14.1072 -4.80098 0.0165867 0.0752207 0.0689299 0.519479 0.292547 3.78304 2.61069
L 11.1569 14.1163 -4.75925 0.0841021 11.0254 14.2062 11.1541 14.1078 -4.80056 0.00995216 0.075145 0.0688615 0.518958 0.292271 3.78304 1.63883
R 10.9241 14.0969 -4.78493 -0.0165065 11.244 14.1065 10.914 14.1082 -4.80025 0.00497615 0.0750707 0.0687941 0.518436 0.291979 1.58382 1.63883
L 10.6328 14.1024 -4.87915 -0.0104013 10.468 14.0591 10.674 14.1084 -4.80006 0.00165874 0.075018 0.0687255 0.517928 0.291686 1.58382 1.66122
