R 0.201778 0.385989 0.540302 0.841471 0.201778 0.385989 0.359997 0.600041 -4.80025 0.0016588 0.158219 0.214052 5.34055 0.839812 0 0
R 0.000941312 0.629507 0.593978 1.4142 -0.0814087 0.49792 -0.120044 0.600581 -4.801 0.00995308 0.124313 0.175636 5.35886 1.06096 1.53982 0
R -0.607146 0.682572 -2.36855 -0.469786 -0.423231 0.382203 -0.60017 0.602281 -4.80221 0.0248832 0.188019 0.141272 4.92314 1.05593 17.1825 0
R -0.994956 0.625677 -1.37588 2.58823 -0.999175 0.569138 -1.08042 0.605806 -4.8038 0.0464493 0.18455 0.123285 4.45395 1.32505 5.15088 0
R -1.47194 0.759007 -3.35074 0.203309 -1.31575 0.565548 -1.56084 0.611818 -4.8057 0.0746505 0.197867 0.119422 4.11957 1.44146 15.7263 0
R -1.85148 0.728763 -3.98841 0.0693891 -1.76309 0.586975 -2.04145 0.620982 -4.80778 0.109484 0.21252 0.120767 3.76018 1.30434 16.6528 0
R -2.37002 0.58326 -4.38161 -1.20099 -2.50204 0.4664 -2.52225 0.63396 -4.80989 0.150946 0.232904 0.115482 3.46838 1.25715 13.8268 0
R -2.86845 0.613173 -4.58824 -0.421978 -3.65705 0.865703 -3.00325 0.651414 -4.81184 0.199026 0.241876 0.109023 3.2313 1.23349 8.82676 0
R -3.35259 0.587113 -4.6975 -0.309978 -3.47146 0.613185 -3.48441 0.674004 -4.81344 0.253712 0.246843 0.105225 3.0359 1.17722 0.598741 0
R -3.83209 0.676973 -4.73929 0.351031 -3.79537 0.758312 -3.9657 0.702391 -4.81445 0.314984 0.250516 0.102325 2.87185 1.12186 2.00115 0
R -4.32462 0.66022 -4.83179 0.273929 -4.35973 0.613548 -4.44703 0.73723 -4.81461 0.382812 0.253308 0.0991947 2.73172 1.06737 0.496861 0
R -4.78669 0.802557 -4.81111 0.850224 -4.42669 0.850619 -4.92832 0.779176 -4.81363 0.45716 0.255321 0.0970427 2.61025 1.02364 2.68327 0
R -5.31511 0.754977 -4.99257 0.547349 -5.47463 0.612257 -5.40943 0.828877 -4.81122 0.537976 0.257241 0.0942463 2.50393 0.984385 2.61502 0
R -5.80546 0.971748 -4.7405 1.16159 -6.29502 1.26514 -5.8902 0.886977 -4.80703 0.625197 0.256296 0.0942063 2.4097 0.952855 6.03052 0
R -6.28853 1.04443 -4.89046 1.21993 -5.95255 0.944273 -6.37044 0.954111 -4.8007 0.718741 0.255009 0.0929444 2.32521 0.928586 2.77346 0
R -6.77302 1.09906 -4.9022 1.18852 -6.62052 0.961842 -6.84991 1.03091 -4.79187 0.818509 0.253701 0.0912268 2.24911 0.90424 0.800845 0
R -7.28782 1.07688 -4.89527 0.94497 -7.52937 0.8358 -7.32835 1.11798 -4.78012 0.92438 0.25208 0.088823 2.18007 0.878163 2.77158 0
R -7.72662 1.17409 -4.81779 1.04626 -7.25187 1.11533 -7.80545 1.21593 -4.76506 1.03621 0.249638 0.087826 2.11699 0.852725 2.08195 0
R -8.18752 1.44233 -4.75165 1.52028 -8.07459 1.74513 -8.28085 1.32536 -4.74625 1.15383 0.248793 0.0889417 2.059 0.831581 2.5776 0
R -8.64341 1.52141 -4.49982 1.45281 -8.95167 1.35495 -8.75416 1.44681 -4.72324 1.27704 0.248666 0.0879389 2.00583 0.811942 4.86081 0
R -9.10487 1.54673 -4.65833 1.34065 -8.71353 1.22502 -9.22493 1.58085 -4.69558 1.40561 0.249195 0.0859445 1.95658 0.792149 4.37622 0
R -9.60795 1.51701 -4.79214 1.09699 -9.55852 1.10142 -9.69268 1.728 -4.66282 1.53929 0.249593 0.0913217 1.91064 0.776701 3.39927 0
R -10.0498 1.87389 -4.64877 1.64795 -10.0357 2.49884 -10.1569 1.88875 -4.62448 1.67776 0.249039 0.0991877 1.86784 0.763069 5.73194 0
R -10.5546 2.06518 -4.75339 1.81517 -10.746 2.16649 -10.6169 2.06357 -4.58009 1.82071 0.248777 0.0981552 1.82785 0.746802 1.34556 0
R -11.0041 2.28234 -4.68258 1.98777 -10.8211 2.33578 -11.0722 2.25288 -4.52921 1.96776 0.24735 0.0971015 1.79051 0.731494 0.357549 0
R -11.4901 2.44016 -4.67217 2.00898 -11.6414 2.33697 -11.5221 2.45707 -4.47136 2.11849 0.245959 0.095722 1.75546 0.717213 0.330974 0
R -11.9829 2.71045 -4.71433 2.2529 -12.1673 2.93299 -11.9658 2.6765 -4.4061 2.27246 0.243808 0.0955619 1.72284 0.70402 1.33273 0
R -12.4801 2.8228 -4.68881 2.12749 -12.6907 2.51318 -12.4026 2.91145 -4.333 2.42918 0.241108 0.0952044 1.69254 0.692422 1.3946 0
R -12.9199 3.12152 -4.58087 2.36949 -12.8479 3.34065 -12.8317 3.16218 -4.25165 2.5881 0.237833 0.0977934 1.66398 0.682649 0.469802 0
R -13.3065 3.34024 -4.42304 2.42992 -12.7477 3.16125 -13.2522 3.42888 -4.16167 2.74865 0.234423 0.099368 1.63661 0.673385 3.34727 0
R -13.7399 3.76477 -4.28767 2.83998 -13.9985 4.35452 -13.6633 3.71169 -4.0627 2.91022 0.231582 0.10222 1.6103 0.664286 3.28391 0
R -14.0984 4.20563 -3.99426 3.20414 -13.9436 4.59359 -14.064 4.01066 -3.95441 3.07214 0.228462 0.104221 1.58493 0.654146 1.54978 0
R -14.5374 4.55306 -3.88849 3.36545 -15.1095 4.72468 -14.4535 4.32581 -3.83653 3.23373 0.226053 0.106518 1.56041 0.644242 3.17831 0
R -14.9253 4.86868 -3.77442 3.45453 -14.98 4.78418 -14.8306 4.65706 -3.70883 3.39425 0.223331 0.108334 1.53703 0.634627 0.0726625 0
R -15.2874 5.12559 -3.65105 3.4279 -15.1197 4.75476 -15.1945 5.00428 -3.5711 3.55294 0.220615 0.107855 1.51471 0.625548 1.32888 0
R -15.5679 5.61771 -3.29415 3.73742 -15.4323 6.03152 -15.5441 5.36723 -3.42323 3.70901 0.217731 0.110618 1.49341 0.617156 1.72838 0
R -15.9319 5.80906 -3.31335 3.59604 -15.7856 5.16246 -15.8785 5.74562 -3.26513 3.86164 0.215492 0.109594 1.47283 0.609463 2.83822 0
R -16.2748 6.1025 -3.18535 3.58098 -16.4427 5.87663 -16.1965 6.13906 -3.09679 4.00999 0.213155 0.109264 1.45318 0.604598 0.616022 0
R -16.6131 6.24897 -3.11579 3.35518 -16.473 5.43254 -16.4972 6.54708 -2.91826 4.1532 0.210953 0.11629 1.4345 0.606282 4.19431 0
R -16.8943 6.72728 -2.99329 3.66926 -16.8736 7.23338 -16.7795 6.96912 -2.72968 4.29042 0.208689 0.131074 1.41691 0.610476 1.50807 0
R -17.097 7.28396 -2.63701 4.00013 -16.9134 7.89837 -17.0425 7.40456 -2.53122 4.42077 0.206196 0.139731 1.39994 0.609503 2.03836 0
R -17.4069 7.57497 -2.6782 3.96466 -17.3858 7.23331 -17.2852 7.85264 -2.32317 4.54339 0.204277 0.146292 1.38371 0.607773 1.08586 0
R -17.5509 8.21368 -2.27029 4.36128 -17.2143 9.0337 -17.5066 8.31257 -2.10586 4.65742 0.201918 0.155008 1.36837 0.605392 3.11089 0
R -17.7297 8.59233 -2.00419 4.35123 -17.5099 8.1616 -17.7059 8.78343 -1.87971 4.76202 0.199698 0.158649 1.35294 0.601182 2.19922 0
R -17.8281 9.2186 -1.52246 4.62434 -17.8359 9.90657 -17.8822 9.26426 -1.64522 4.85637 0.197653 0.163426 1.33796 0.596886 2.96425 0
R -17.9148 9.80744 -1.16236 4.83699 -17.8028 10.3244 -18.0346 9.75398 -1.40296 4.9397 0.19637 0.16454 1.32341 0.591093 1.06508 0
R -18.22 9.99505 -1.2927 4.54736 -19.0447 8.88465 -18.1624 10.2515 -1.15357 5.01125 0.195301 0.166146 1.30924 0.586857 6.48139 0
R -18.4052 10.4238 -1.30091 4.63488 -18.4785 10.383 -18.265 10.7555 -0.897764 5.07032 0.193769 0.175768 1.29633 0.584574 1.88856 0
R -18.502 10.9071 -1.02191 4.66553 -18.592 11.0156 -18.3417 11.2647 -0.636323 5.11627 0.19271 0.187385 1.28464 0.5822 0.621077 0
R -18.5715 11.4398 -0.783657 4.78232 -18.5573 11.765 -18.392 11.778 -0.370091 5.14852 0.192062 0.198407 1.27334 0.579381 0.46183 0
R -18.6278 11.9402 -0.662699 4.88315 -18.2756 12.0095 -18.4156 12.2937 -0.099968 5.16654 0.192017 0.208178 1.26309 0.575532 1.65631 0
R -18.5588 12.6244 -0.223935 5.10415 -18.1665 13.4543 -18.4119 12.8105 0.173093 5.16989 0.191821 0.215561 1.25327 0.570655 2.51406 0
R -18.5889 13.0368 0.0606509 4.95689 -18.9473 12.4856 -18.3809 13.3269 0.448093 5.1582 0.191697 0.219692 1.24295 0.565567 2.4525 0
R -18.4626 13.7389 0.495566 5.15632 -18.1306 14.7596 -18.3223 13.8414 0.723997 5.1312 0.191719 0.224197 1.23252 0.560562 3.79251 0
R -18.3319 14.3557 0.943999 5.18749 -18.3678 14.848 -18.2361 14.3524 0.999739 5.08868 0.190954 0.224769 1.22168 0.555493 1.7009 0
R -18.1236 14.9799 1.5059 5.15993 -18.1394 15.4391 -18.1224 14.8584 1.27423 5.03055 0.189755 0.224296 1.21096 0.550732 2.30073 0
R -17.9466 15.5439 1.70573 5.16604 -17.4962 15.9091 -17.9814 15.3578 1.54638 4.95679 0.188206 0.223322 1.20032 0.54641 2.13118 0
R -17.8501 15.9232 1.75336 5.00435 -17.8307 15.1843 -17.8133 15.8491 1.81507 4.8675 0.186643 0.221552 1.18986 0.542297 3.62078 0
R -17.895 16.2653 1.57063 4.87446 -18.7022 15.56 -17.6185 16.3307 2.0792 4.76286 0.18719 0.220281 1.18072 0.53802 5.47806 0
R -17.6419 16.6806 1.96562 4.59993 -17.2848 16.3539 -17.3977 16.8011 2.33771 4.64314 0.190235 0.220448 1.17271 0.533721 6.04903 0
R -17.3492 17.1454 2.43555 4.37442 -17.3363 17.2838 -17.1512 17.2588 2.58952 4.50871 0.192385 0.221176 1.16395 0.529436 3.85608 0
R -17.0327 17.571 2.77974 4.19133 -16.7259 17.405 -16.88 17.7023 2.83361 4.36005 0.193618 0.221781 1.15473 0.525364 1.15968 0
R -16.6929 18.015 3.05137 4.06025 -16.294 18.1023 -16.5848 18.1303 3.069 4.19769 0.194136 0.222422 1.14556 0.52135 0.831374 0
R -16.4537 18.3723 3.12611 3.90139 -16.6234 18.1814 -16.2665 18.5415 3.29475 4.02228 0.194735 0.223024 1.13666 0.51736 0.826232 0
R -16.0202 18.8281 3.48854 3.75244 -15.5341 19.1726 -15.9262 18.9344 3.50999 3.83452 0.1959 0.223844 1.12808 0.513391 0.88011 0
R -15.6708 19.1805 3.71165 3.51493 -15.8172 19.1796 -15.5649 19.308 3.71392 3.63521 0.196065 0.223902 1.11949 0.509567 0.214054 0
R -15.2494 19.5379 3.99437 3.26446 -15.1705 19.6712 -15.1838 19.6612 3.90579 3.42518 0.196332 0.224053 1.1111 0.505915 0.307406 0
R -15.0788 19.7224 3.90974 2.95501 -16.2753 19.2089 -14.7841 19.9928 4.08495 3.20535 0.197818 0.225008 1.10294 0.502636 4.51913 0
R -14.7503 19.9654 3.93002 2.75636 -14.8586 19.6043 -14.3671 20.302 4.25082 2.97668 0.20363 0.228151 1.09543 0.499446 1.66763 0
R -14.2633 20.2724 4.17825 2.55 -13.8455 20.4367 -13.9342 20.588 4.40292 2.74015 0.21028 0.231725 1.08821 0.496179 0.540876 0
R -13.7915 20.549 4.3782 2.32438 -13.606 20.7507 -13.4868 20.8499 4.54085 2.49681 0.215412 0.234544 1.08084 0.492895 0.208037 0
R -13.1406 20.8989 4.70944 2.18394 -12.0825 21.3646 -13.0264 21.0872 4.6643 2.2477 0.21871 0.236091 1.07343 0.489482 3.24499 0
R -12.6801 21.1408 4.75695 2.04306 -12.6946 21.2291 -12.5543 21.2994 4.77306 1.99388 0.21937 0.236123 1.066 0.48614 0.948928 0
R -12.0383 21.3951 5.04006 1.80523 -11.2552 21.6205 -12.072 21.486 4.86702 1.73644 0.219969 0.235573 1.05883 0.483077 1.82348 0
R -11.488 21.6042 5.16413 1.60085 -11.3033 21.7891 -11.5811 21.6467 4.94615 1.47643 0.219301 0.234449 1.05191 0.480207 0.257041 0
R -11.0773 21.7246 5.11113 1.36373 -11.6156 21.6417 -11.083 21.7813 5.01051 1.21491 0.218209 0.233119 1.04506 0.477622 0.955667 0
R -10.4582 21.8851 5.32574 1.04873 -10.0557 22.2319 -10.5792 21.8898 5.06025 0.952912 0.217906 0.231774 1.03845 0.475092 1.54431 0
R -9.93088 21.9208 5.36513 0.686553 -9.88122 21.5481 -10.0711 21.972 5.09561 0.691445 0.21705 0.230344 1.03214 0.472368 1.35861 0
R -9.40436 21.951 5.39956 0.328467 -9.48221 21.8931 -9.56019 22.0282 5.11691 0.431476 0.216216 0.22905 1.026 0.469528 0.265337 0
R -8.89686 21.9461 5.38152 -0.0144796 -9.05214 21.8671 -9.04782 22.0584 5.12453 0.17393 0.215332 0.227905 1.01997 0.46681 0.130777 0
R -8.36874 21.9489 5.41763 -0.409483 -8.60582 22.4381 -8.53534 22.0631 5.11895 -0.0803171 0.214553 0.226854 1.01409 0.464651 3.55799 0
R -7.67989 21.9999 5.54629 -0.629719 -7.07631 22.599 -8.02405 22.0425 5.10068 -0.330441 0.215044 0.225638 1.00874 0.46266 2.93336 0
R -7.2196 21.9036 5.42118 -1.02147 -7.67843 22.0828 -7.51519 21.9971 5.07031 -0.575677 0.215084 0.224392 1.00362 0.461359 1.55059 0
R -6.63224 21.832 5.39313 -1.25914 -6.434 22.0079 -7.00994 21.9275 5.02847 -0.815324 0.215806 0.223217 0.998398 0.460561 0.609967 0
R -6.38156 21.6874 4.97177 -1.36466 -7.61343 21.5459 -6.50942 21.8342 4.97584 -1.04874 0.214972 0.222215 0.992926 0.459158 7.22279 0
R -5.85109 21.5585 4.87703 -1.45733 -5.6148 21.2147 -6.01466 21.7179 4.91312 -1.27537 0.214274 0.221359 0.987108 0.456938 3.88654 0
R -5.46502 21.4116 4.72366 -1.73562 -5.92345 21.8491 -5.52665 21.5793 4.84107 -1.49469 0.213173 0.220558 0.981426 0.45469 3.27838 0
R -4.65749 21.3323 5.01558 -1.85217 -3.33441 21.6774 -5.04628 21.4191 4.76045 -1.70628 0.21441 0.219498 0.97601 0.452333 5.73545 0
R -4.3631 21.125 4.69648 -1.90797 -5.29911 20.7449 -4.57436 21.2382 4.67204 -1.90978 0.214089 0.21842 0.970741 0.449782 5.09101 0
R -3.72624 21.0139 4.8227 -1.95337 -3.1589 21.4431 -4.11165 21.0373 4.57664 -2.10489 0.214836 0.217206 0.965493 0.447468 2.65423 0
R -3.35916 20.7571 4.6042 -2.33881 -3.56887 20.8741 -3.65879 20.8173 4.47504 -2.29137 0.215123 0.21614 0.960444 0.445378 2.59263 0
R -3.10871 20.5106 4.26486 -2.48174 -3.91178 20.5601 -3.21637 20.5791 4.36803 -2.46907 0.214168 0.215056 0.955307 0.44295 2.35783 0
R -2.39218 20.3097 4.4863 -2.56105 -1.29645 20.3141 -2.78489 20.3235 4.2564 -2.63789 0.215106 0.213934 0.950286 0.440618 4.7704 0
R -1.97107 20.0399 4.35319 -2.82583 -1.97724 20.2519 -2.36478 20.0515 4.14093 -2.79777 0.216287 0.21297 0.945551 0.438412 0.983858 0
R -1.67274 19.6942 4.0572 -3.1095 -2.05241 19.4221 -1.95638 19.764 4.02238 -2.94874 0.216559 0.212113 0.940745 0.436257 1.58509 0
R -1.1565 19.3499 4.04971 -3.41932 -0.738775 19.2577 -1.55997 19.4618 3.90147 -3.09085 0.217476 0.211233 0.935893 0.434665 1.37901 0
R -0.820604 18.9856 3.80184 -3.60988 -1.01545 18.8516 -1.17574 19.1458 3.77892 -3.22421 0.218375 0.210476 0.931155 0.433703 0.308044 0
R -0.403875 18.656 3.69185 -3.62971 -0.297213 18.675 -0.803824 18.8169 3.65542 -3.34899 0.21946 0.209711 0.926391 0.432557 1.35358 0
R -0.151013 18.2884 3.39422 -3.75237 -0.507529 18.2624 -0.444288 18.476 3.53161 -3.46536 0.219893 0.209072 0.921755 0.431131 0.580192 0
R 0.0386259 17.9258 3.04718 -3.89761 -0.402717 18.2 -0.0971295 18.1238 3.40813 -3.57357 0.219157 0.208494 0.917484 0.429888 1.64311 0
R 0.436516 17.5655 2.98954 -3.84883 0.752102 17.4652 0.237714 17.7612 3.28556 -3.67388 0.218527 0.207917 0.913391 0.428354 2.86804 0
R 1.01227 17.2615 3.24102 -3.79028 1.8428 17.8251 0.560361 17.389 3.16445 -3.76656 0.219763 0.207085 0.909046 0.426336 7.81904 0
R 1.17814 16.8915 2.9042 -3.89987 0.759535 17.0392 0.870984 17.0078 3.04533 -3.85192 0.220703 0.206278 0.904705 0.424267 1.13111 0
R 1.41695 16.5061 2.68883 -4.0968 1.37472 16.8477 1.16981 16.6185 2.92867 -3.93028 0.220573 0.205498 0.900496 0.422371 1.868 0
R 1.60155 16.1094 2.42248 -4.17718 1.38463 16.2359 1.4571 16.2216 2.81494 -4.00199 0.219855 0.204744 0.896677 0.420616 0.390963 0
R 1.57733 15.7339 1.90939 -4.11099 0.827112 15.8045 1.73317 15.8179 2.70454 -4.06739 0.219074 0.203945 0.894396 0.418742 3.63678 0
R 1.93498 15.3569 1.9739 -4.15609 2.50862 15.7505 1.99838 15.408 2.59786 -4.12682 0.218988 0.203183 0.892659 0.416778 3.74594 0
R 2.17692 14.9318 1.87377 -4.33091 2.37797 15.114 2.25311 14.9924 2.49524 -4.18065 0.218422 0.202557 0.890363 0.414961 1.06449 0
R 2.30393 14.483 1.62003 -4.39035 2.13497 14.2461 2.49779 14.5718 2.397 -4.22922 0.218233 0.201966 0.888667 0.413277 0.745488 0
R 2.64562 14.0247 1.7269 -4.53492 3.16438 14.1304 2.73287 14.1465 2.30343 -4.27288 0.218338 0.201382 0.886829 0.411873 2.21172 0
R 2.80361 13.5565 1.56166 -4.55319 2.70333 13.2741 2.95882 13.717 2.21478 -4.31197 0.21802 0.200856 0.884622 0.410649 0.984497 0
R 2.87305 13.1789 1.32287 -4.36967 2.58903 13.4515 3.17617 13.2839 2.13129 -4.34682 0.218708 0.200111 0.883256 0.409079 3.03729 0
R 3.19496 12.7064 1.51015 -4.31266 3.50416 12.2406 3.38542 12.8475 2.05316 -4.37774 0.219799 0.199584 0.881557 0.407281 4.94861 0
R 3.49778 12.2788 1.66617 -4.33544 3.88839 12.4809 3.58713 12.4083 1.98058 -4.40503 0.219767 0.198956 0.878555 0.405543 1.92737 0
R 3.59897 11.8799 1.50468 -4.27143 3.3772 11.9578 3.78186 11.9664 1.9137 -4.42898 0.219488 0.198259 0.875324 0.403938 0.768996 0
R 3.7393 11.4856 1.38968 -4.31869 3.85773 11.9001 3.97018 11.5223 1.85266 -4.44986 0.219825 0.197614 0.872413 0.402431 1.79329 0
R 4.0665 11.0617 1.62607 -4.32923 4.60651 11.3932 4.1527 11.0763 1.79758 -4.4679 0.219971 0.197144 0.8692 0.400909 4.29355 0
R 4.18014 10.6564 1.47279 -4.33583 4.1326 10.843 4.33 10.6287 1.74858 -4.48333 0.21955 0.196784 0.865732 0.39943 0.392806 0
R 4.44556 10.1935 1.60456 -4.41216 4.75659 10.1975 4.50271 10.1796 1.70573 -4.49636 0.219193 0.196637 0.862254 0.397905 1.18184 0
R 4.64309 9.76833 1.56983 -4.48957 4.96096 10.1488 4.67143 9.72935 1.66911 -4.50715 0.218475 0.196438 0.858679 0.396281 2.47369 0
R 4.6684 9.48122 1.31364 -4.24891 4.47989 10.361 4.83681 9.27814 1.63878 -4.51587 0.217955 0.196797 0.855382 0.39501 8.7073 0
R 4.90848 8.95679 1.42478 -4.44155 5.06495 8.52665 4.99946 8.82616 1.61479 -4.52264 0.217726 0.198085 0.852178 0.393798 2.75795 0
R 5.18986 8.45592 1.66221 -4.48417 5.36813 8.24251 5.16003 8.37361 1.59718 -4.52755 0.217121 0.198658 0.848781 0.392234 2.11476 0
R 5.44171 7.94023 1.81319 -4.56808 5.49333 7.6344 5.31916 7.92067 1.58598 -4.53068 0.216404 0.198829 0.845473 0.39066 1.39207 0
R 5.67153 7.4438 1.88684 -4.6338 5.74756 7.30442 5.47748 7.46751 1.5812 -4.53209 0.215901 0.198647 0.84242 0.389149 0.425394 0
R 5.84 7.0094 1.93164 -4.51386 5.52242 6.92525 5.63564 7.01431 1.58285 -4.53178 0.215548 0.198269 0.839568 0.38765 2.26252 0
R 5.87084 6.63896 1.60317 -4.40383 5.5405 6.7359 5.79428 6.56124 1.59093 -4.52975 0.214892 0.198035 0.836525 0.386197 3.677 0
R 6.0084 6.11304 1.54093 -4.53326 5.63609 5.57892 5.95405 6.10848 1.60542 -4.52597 0.214075 0.198174 0.833248 0.384759 4.21632 0
R 6.08833 5.67079 1.31674 -4.557 5.96266 5.64138 6.11558 5.65619 1.62631 -4.52038 0.213253 0.197928 0.830237 0.383266 1.60294 0
R 6.22673 5.20818 1.28778 -4.57477 6.20583 5.17266 6.27951 5.20457 1.65356 -4.51288 0.212561 0.197728 0.82758 0.381811 0.0698281 0
R 6.32172 4.87251 1.17588 -4.39679 6.49415 5.34675 6.44648 4.7538 1.68714 -4.50337 0.212053 0.197615 0.825349 0.380425 3.34105 0
R 6.51789 4.35614 1.36973 -4.48393 6.42345 4.10243 6.61712 4.30411 1.72698 -4.4917 0.211729 0.198026 0.823149 0.379027 3.69177 0
R 6.76051 3.83136 1.65566 -4.59139 6.88194 3.71244 6.79205 3.85571 1.77302 -4.4777 0.211247 0.198013 0.8204 0.377658 3.28808 0
R 6.9172 3.38346 1.70402 -4.5487 6.71835 3.36038 6.97188 3.40885 1.82518 -4.4612 0.21061 0.197652 0.817402 0.376353 0.556877 0
R 7.10918 3.0553 1.86514 -4.30965 7.10962 3.4589 7.15723 2.96378 1.88336 -4.44197 0.210037 0.197362 0.81441 0.375085 5.19912 0
R 7.3249 2.62837 1.89022 -4.30339 7.81269 2.7161 7.34868 2.52078 1.94746 -4.41977 0.209445 0.19766 0.811412 0.373838 2.61466 0
R 7.4842 2.08999 1.82155 -4.46172 7.29836 1.74476 7.54683 2.08018 2.01733 -4.39436 0.208842 0.197935 0.80854 0.372541 3.61911 0
R 7.72532 1.64899 2.00058 -4.4613 7.99229 1.72323 7.75224 1.6423 2.09284 -4.36546 0.208323 0.197697 0.805736 0.371262 1.66195 0
R 7.95917 1.27278 2.13724 -4.3298 8.13791 1.49328 7.96547 1.2075 2.17382 -4.33277 0.207723 0.197483 0.802864 0.36998 1.49904 0
R 8.17669 0.802845 2.25535 -4.37451 7.9966 0.717656 8.18706 0.776179 2.26005 -4.29598 0.207094 0.1975 0.799995 0.368682 0.742113 0
R 8.44753 0.399635 2.34906 -4.28843 8.9356 0.484177 8.41752 0.348763 2.35134 -4.25478 0.206497 0.197343 0.797149 0.367421 2.24937 0
R 8.77049 -0.038148 2.70277 -4.32012 9.02773 0.00101087 8.65734 -0.0742907 2.44744 -4.20881 0.205944 0.197276 0.794478 0.366195 4.53789 0
R 9.06281 -0.283028 2.91523 -3.92559 8.87814 0.254363 8.90699 -0.492491 2.54807 -4.15775 0.205428 0.197512 0.792077 0.365256 5.87066 0
R 9.33902 -0.787787 2.97204 -4.03947 9.30978 -1.13129 9.16691 -0.905311 2.65292 -4.10124 0.20497 0.198474 0.789757 0.3642 2.05233 0
R 9.61588 -1.33381 3.09609 -4.25477 9.30144 -1.67135 9.4375 -1.31219 2.76168 -4.03893 0.204541 0.198694 0.78742 0.363164 3.72678 0
R 9.89849 -1.6448 3.06578 -3.93213 9.81628 -1.35201 9.71914 -1.71253 2.87396 -3.97047 0.20412 0.198328 0.78496 0.362216 3.18916 0
R 10.2029 -2.07067 3.24887 -3.96324 9.92581 -2.08875 10.0122 -2.1057 2.98938 -3.89549 0.203737 0.198267 0.782462 0.360999 1.68234 0
R 10.4502 -2.37015 3.14031 -3.65679 9.93719 -2.06904 10.3169 -2.49103 3.1075 -3.81368 0.203207 0.198167 0.779895 0.359944 6.01796 0
R 10.7307 -2.73916 3.09103 -3.55311 10.6621 -2.78836 10.6335 -2.86783 3.22785 -3.72468 0.202605 0.198459 0.777307 0.358928 0.966147 0
R 11.0833 -3.10214 3.39568 -3.58671 10.9936 -3.04182 10.9622 -3.23535 3.34992 -3.62819 0.202083 0.198773 0.774792 0.357806 3.42586 0
R 11.4229 -3.4473 3.56028 -3.51616 11.1921 -3.33868 11.3032 -3.59284 3.47319 -3.52392 0.201548 0.19911 0.77223 0.356616 0.998977 0
R 11.7647 -3.89018 3.5938 -3.59031 11.8203 -4.21307 11.6565 -3.9395 3.59707 -3.41158 0.201003 0.199323 0.769679 0.355596 1.0048 0
R 12.1542 -4.29071 3.71604 -3.59319 12.4401 -4.50646 12.0223 -4.27453 3.72095 -3.29094 0.200529 0.199063 0.76716 0.355112 1.25035 0
R 12.5528 -4.59006 3.95598 -3.45035 12.3763 -4.33915 12.4003 -4.59707 3.84421 -3.16178 0.200089 0.198591 0.764693 0.35495 1.71849 0
R 12.9511 -4.90066 3.98273 -3.26185 13.0698 -4.87656 12.7907 -4.90626 3.96616 -3.02393 0.199663 0.198165 0.762221 0.354639 0.558703 0
R 13.2651 -5.24986 3.94651 -3.21622 12.6188 -5.16246 13.1931 -5.20124 4.0861 -2.87726 0.199074 0.197742 0.759811 0.354455 3.89474 0
R 13.7605 -5.43765 4.36151 -2.95701 13.8504 -4.96233 13.6074 -5.48111 4.20332 -2.72168 0.198769 0.197195 0.757516 0.354351 4.58548 0
R 14.2291 -5.72291 4.53304 -2.82638 14.3872 -5.71768 14.0332 -5.74499 4.31706 -2.55715 0.198472 0.196826 0.755226 0.353999 0.422703 0
R 14.6532 -6.05237 4.56468 -2.77696 14.5382 -6.20694 14.4703 -5.99197 4.42655 -2.38369 0.198115 0.196408 0.752934 0.354133 0.236506 0
R 15.08 -6.30252 4.64392 -2.62723 14.7003 -6.11223 14.918 -6.22118 4.53101 -2.20138 0.197714 0.19587 0.750612 0.354858 1.64618 0
R 15.5605 -6.51394 4.68671 -2.38038 15.7265 -6.46475 15.3758 -6.43173 4.62966 -2.01035 0.1974 0.195319 0.748285 0.355541 0.504313 0
R 16.0189 -6.75104 4.84154 -2.29374 15.7316 -6.60536 15.8432 -6.62276 4.72169 -1.81079 0.197049 0.194846 0.745995 0.356412 1.58502 0
R 16.413 -6.93743 4.68868 -2.04944 15.8267 -6.78095 16.3195 -6.79342 4.8063 -1.60298 0.196539 0.194422 0.743737 0.357655 5.13824 0
R 16.8164 -7.21209 4.67116 -2.04306 16.4214 -7.35453 16.8038 -6.94292 4.88271 -1.38725 0.196109 0.194432 0.741602 0.359703 1.22069 0
R 17.2856 -7.28019 4.70135 -1.69099 17.0944 -6.8385 17.2953 -7.07048 4.95015 -1.16398 0.195932 0.194506 0.739596 0.362257 1.84482 0
R 17.913 -7.15141 5.07014 -1.09958 18.2702 -6.07225 17.793 -7.17537 5.00785 -0.933668 0.195963 0.194108 0.737526 0.362991 6.60159 0
R 18.4623 -6.97603 5.06203 -0.40655 18.3087 -6.15194 18.2961 -7.2569 5.05509 -0.696834 0.195717 0.19417 0.735311 0.362582 4.21168 0
R 19.0273 -7.02908 5.19551 -0.219923 19.5536 -7.06548 18.8033 -7.31446 5.09116 -0.454089 0.195573 0.194967 0.733135 0.361843 2.75817 0
R 19.4152 -7.30998 5.04585 -0.40173 18.816 -8.27535 19.3135 -7.3475 5.11543 -0.206107 0.195078 0.195107 0.730983 0.360976 4.58912 0
R 19.9554 -7.31404 5.16675 -0.179034 20.1094 -7.15442 19.8255 -7.35551 5.12728 0.0463764 0.19481 0.194558 0.728838 0.36054 0.615235 0
R 20.4224 -7.49691 5.24313 -0.320115 20.0602 -7.86255 20.3381 -7.33809 5.12615 0.302565 0.194412 0.194187 0.726728 0.361565 2.48785 0
R 20.9522 -7.36784 5.13613 0.135771 21.0198 -6.96188 20.8499 -7.29491 5.11155 0.561605 0.194145 0.193897 0.724638 0.363516 1.91616 0
R 21.4966 -7.25889 5.18035 0.45972 21.6131 -6.92172 21.3596 -7.22573 5.08306 0.822593 0.193896 0.193423 0.722556 0.36422 0.391306 0
R 22.0421 -6.98925 4.94881 1.10155 22.3609 -6.74362 21.8657 -7.1304 5.04032 1.08458 0.19367 0.193059 0.720515 0.364136 4.30268 0
R 22.4464 -6.95632 4.67567 1.30389 22.0518 -7.75788 22.3669 -7.00887 4.98307 1.34657 0.193203 0.192578 0.718644 0.36315 3.95884 0
R 22.8607 -7.11825 4.7237 1.04779 22.6149 -7.88858 22.8616 -6.86119 4.9111 1.60756 0.192862 0.19252 0.716812 0.363462 3.49749 0
R 23.2393 -7.09103 4.53911 1.13946 22.6521 -7.46004 23.3483 -6.68751 4.82431 1.86648 0.192844 0.194021 0.714982 0.366334 2.80656 0
R 23.7265 -7.02801 4.62665 1.22443 23.969 -7.15519 23.8257 -6.48809 4.72269 2.12228 0.193262 0.197376 0.713094 0.371182 1.63189 0
R 24.2032 -6.72283 4.48604 1.66929 24.3438 -6.1767 24.2922 -6.26328 4.6063 2.37389 0.193586 0.201274 0.711125 0.375944 1.40257 0
R 24.6925 -6.49678 4.58388 1.86394 24.8015 -5.92355 24.7463 -6.01357 4.47532 2.62023 0.193794 0.204639 0.709171 0.379541 2.332 0
R 25.1554 -6.12275 4.39948 2.32888 25.2043 -5.60245 25.1866 -5.73954 4.33001 2.86026 0.193808 0.207623 0.707276 0.382318 1.17913 0
R 25.5293 -5.87404 4.15788 2.57627 25.1219 -6.08842 25.6117 -5.44185 4.17073 3.09291 0.193751 0.210133 0.705368 0.38374 1.81295 0
R 25.9327 -5.52771 3.98087 2.89026 25.8718 -5.258 26.0202 -5.12131 3.99791 3.31719 0.193864 0.212882 0.703443 0.384754 0.296086 0
R 26.3986 -4.82237 3.73024 3.61828 26.7614 -3.08969 26.4107 -4.7788 3.81209 3.53212 0.193908 0.214424 0.701548 0.384748 6.05963 0
R 26.79 -4.54328 3.73363 3.60321 26.871 -4.28196 26.7821 -4.41529 3.6139 3.73676 0.193663 0.21426 0.699672 0.383768 1.91631 0
R 27.1802 -4.14982 3.7377 3.73344 27.0374 -3.55517 27.1331 -4.03186 3.40403 3.93023 0.193358 0.214403 0.698095 0.383057 3.07306 0
R 27.5337 -3.70335 3.35937 4.02869 27.8979 -3.80197 27.4625 -3.62967 3.18325 4.11172 0.192975 0.21449 0.696658 0.382346 3.89531 0
R 27.8755 -3.12066 3.04045 4.41748 28.156 -2.47925 27.7694 -3.20995 2.95242 4.28049 0.192588 0.21446 0.694974 0.381491 1.58703 0
R 28.1573 -2.63399 2.78455 4.61242 28.0476 -2.41976 28.0527 -2.77401 2.71243 4.43586 0.192162 0.214111 0.69322 0.380598 0.225099 0
R 28.3845 -2.16536 2.38111 4.80107 28.3248 -2.46974 28.3116 -2.32322 2.46425 4.57724 0.191696 0.213743 0.691474 0.379804 1.12304 0
R 28.6389 -1.81109 2.26961 4.75415 28.6844 -2.17053 28.5453 -1.859 2.20888 4.70412 0.191268 0.213228 0.689668 0.378901 1.3499 0
R 28.8275 -1.41371 2.10697 4.75621 28.3124 -1.6871 28.7532 -1.38282 1.94737 4.8161 0.190807 0.212895 0.687982 0.377923 3.16097 0
R 28.985 -0.836544 1.85008 4.93755 28.4647 -0.32712 28.9347 -0.896184 1.6808 4.91284 0.19033 0.212818 0.686409 0.376984 3.02196 0
R 29.1044 -0.22814 1.40271 5.14945 28.9615 0.162307 29.0893 -0.400636 1.41024 4.99413 0.189846 0.212661 0.684808 0.376093 1.88431 0
R 29.2531 0.452168 1.00242 5.40147 29.7564 1.14927 29.2167 0.102274 1.13682 5.05982 0.189385 0.212891 0.68311 0.375574 3.63129 0
R 29.3341 1.00267 0.727348 5.44438 29.1776 1.14383 29.3166 0.610984 0.861619 5.10989 0.188904 0.213323 0.681395 0.375332 0.401966 0
R 29.375 1.69261 0.313973 5.61524 29.3942 2.37688 29.389 1.12393 0.585743 5.14439 0.188427 0.214814 0.679797 0.375465 0.921042 0
R 29.4486 2.20017 0.0834334 5.57971 29.9335 1.97385 29.4338 1.63957 0.310266 5.16347 0.187962 0.216684 0.678203 0.37581 2.15633 0
R 29.4568 2.55515 -0.243548 5.40378 29.7238 1.41909 29.4512 2.15637 0.0362376 5.16738 0.187488 0.217592 0.676653 0.375621 2.67348 0
R 29.4349 2.95738 -0.516395 5.25976 29.525 2.24548 29.4412 2.67283 -0.235325 5.15644 0.187018 0.217626 0.67514 0.374907 0.786921 0
R 29.355 3.51378 -0.743002 5.23498 28.9264 3.72211 29.4042 3.18747 -0.503448 5.13105 0.186568 0.217698 0.673601 0.37405 2.53496 0
R 29.2628 4.02408 -0.98256 5.1739 29.0715 3.9654 29.3406 3.69889 -0.767205 5.09171 0.186147 0.217788 0.672034 0.373193 0.578571 0
R 29.2301 4.47993 -1.09216 5.07808 29.7082 4.22378 29.2509 4.2057 -1.02573 5.03897 0.185699 0.217705 0.670394 0.372313 2.64287 0
R 29.0876 4.9508 -1.3615 4.98201 28.8869 4.75902 29.1356 4.7066 -1.2782 4.97344 0.185265 0.21751 0.668764 0.371414 0.538245 0
R 28.9459 5.4192 -1.51449 4.8893 28.7325 5.2483 28.9954 5.20034 -1.52389 4.8958 0.18483 0.217247 0.66713 0.370511 1.18026 0
R 28.6882 6.20806 -1.92797 5.06586 28.1556 7.7268 28.831 5.68575 -1.7621 4.80678 0.18452 0.218247 0.665586 0.369834 4.48423 0
R 28.4155 6.82044 -2.31648 5.04056 28.0465 7.37839 28.6431 6.16173 -1.99225 4.70713 0.184431 0.220558 0.664169 0.369612 1.44873 0
R 28.2697 7.34599 -2.47537 4.97087 29.2418 7.54597 28.4327 6.62724 -2.21379 4.59767 0.184262 0.22381 0.662773 0.369664 8.79564 0
R 28.0702 7.58057 -2.5589 4.63188 28.1177 6.26311 28.2005 7.08135 -2.42628 4.47922 0.183946 0.225886 0.661256 0.369456 3.57881 0
R 27.7866 8.09381 -2.82078 4.54984 27.7497 8.38372 27.9475 7.52321 -2.62933 4.35263 0.183675 0.227466 0.659744 0.368849 0.181351 0
R 27.4872 8.48951 -3.04598 4.35434 27.3838 8.21907 27.6747 7.95203 -2.82265 4.21877 0.183471 0.229084 0.658281 0.368255 0.401473 0
R 27.2363 8.62446 -3.26371 3.91102 27.7325 7.24638 27.3831 8.36714 -3.00599 4.07849 0.183188 0.22944 0.656873 0.367609 5.17018 0
R 26.8806 9.1152 -3.54939 3.8151 26.9578 9.67899 27.0736 8.76794 -3.17922 3.93267 0.182997 0.229534 0.655623 0.366816 1.0706 0
R 26.5485 9.34113 -3.60404 3.49754 26.3023 8.56687 26.7473 9.1539 -3.34223 3.78216 0.182827 0.229293 0.654357 0.366221 3.58539 0
R 26.2271 9.72299 -3.63289 3.3731 26.372 9.97194 26.4052 9.52461 -3.49502 3.62781 0.182609 0.228959 0.652924 0.365711 2.05789 0
R 25.821 10.2053 -3.7024 3.38144 25.3582 10.7466 26.0483 9.87973 -3.63763 3.47045 0.182514 0.228966 0.651423 0.364985 3.30427 0
R 25.4506 10.5085 -3.91607 3.15699 25.6726 10.5934 25.6776 10.219 -3.77016 3.31087 0.18243 0.22898 0.649954 0.364217 1.28707 0
R 24.9651 11.0317 -4.13887 3.19201 24.4778 11.9539 25.2942 10.5422 -3.89278 3.14987 0.182702 0.229734 0.648578 0.363401 2.07492 0
R 24.5549 11.3001 -4.18053 3.01408 24.3543 10.8958 24.899 10.8493 -4.00571 2.98817 0.183135 0.230773 0.647209 0.362619 1.77992 0
R 24.0963 11.7556 -4.39582 2.99055 24.1967 12.6404 24.493 11.1402 -4.10919 2.8265 0.183821 0.232564 0.645904 0.361912 3.27447 0
R 23.8037 11.7296 -4.3739 2.4712 24.5863 10.4852 24.0771 11.4149 -4.20354 2.66553 0.184088 0.233622 0.644589 0.361397 4.8335 0
R 23.4402 11.8688 -4.33172 2.20845 23.7361 11.4278 23.6522 11.6736 -4.28909 2.50589 0.183971 0.233441 0.643163 0.360898 0.933262 0
R 22.9868 12.1166 -4.434 2.05744 22.8857 12.2555 23.2191 11.9164 -4.36622 2.34818 0.183887 0.233134 0.641724 0.360498 0.0788679 0
R 22.564 12.343 -4.45995 1.92372 22.7202 12.4833 22.7788 12.1436 -4.43532 2.19295 0.183758 0.232837 0.64029 0.360057 0.604947 0
R 22.2059 12.4368 -4.30686 1.73111 22.4194 11.8766 22.3319 12.3553 -4.49681 2.04071 0.183445 0.23239 0.638925 0.359666 2.65356 0
R 21.7861 12.6012 -4.41823 1.54342 22.0426 12.7495 21.8792 12.552 -4.55114 1.89194 0.18315 0.231888 0.637621 0.359413 1.16908 0
R 21.4245 12.6337 -4.31535 1.29538 21.6464 12.0735 21.4215 12.734 -4.59875 1.74706 0.182856 0.231432 0.636394 0.359479 1.25348 0
R 20.898 12.91 -4.54788 1.25908 20.6799 13.6331 20.9593 12.9018 -4.6401 1.60647 0.182805 0.231088 0.635169 0.359501 2.0306 0
R 20.5677 12.7951 -4.54424 0.748074 21.2381 12.1655 20.4932 13.0557 -4.67567 1.47051 0.182613 0.230927 0.633829 0.360538 4.33953 0
R 19.9958 13.0547 -4.58282 0.799166 19.1758 13.6223 20.0239 13.1962 -4.70591 1.3395 0.182789 0.23104 0.63251 0.361934 5.11665 0
R 19.3898 13.4143 -4.74729 0.991896 18.8414 14.4265 19.5518 13.3239 -4.73129 1.21372 0.182804 0.230778 0.631169 0.361977 3.90367 0
R 19.0154 13.3325 -4.6494 0.631346 19.2999 12.6552 19.0774 13.4392 -4.75226 1.09341 0.182465 0.230337 0.629822 0.36191 1.56997 0
R 18.4518 13.4903 -4.79285 0.573774 17.9617 13.7891 18.6011 13.5429 -4.76928 0.97879 0.182386 0.229974 0.628488 0.362104 1.19584 0
R 17.824 13.8141 -4.8962 0.845602 17.2223 14.5158 18.1233 13.6353 -4.78278 0.870034 0.182568 0.229677 0.627164 0.361692 4.10617 0
R 17.4206 13.8203 -4.87921 0.545683 17.9681 13.9542 17.6443 13.7172 -4.79318 0.767303 0.182492 0.229323 0.625857 0.361067 3.05739 0
R 16.9224 13.9427 -4.93009 0.482933 17.0811 14.3435 17.1644 13.789 -4.80088 0.670728 0.182447 0.228965 0.624567 0.360491 1.39298 0
R 16.6345 13.7419 -4.63626 0.112301 17.3034 12.7369 16.6839 13.8516 -4.80628 0.580418 0.182075 0.228604 0.623321 0.360431 4.67375 0
R 16.2106 13.7611 -4.50582 0.0550348 16.2884 13.7529 16.2029 13.9054 -4.80974 0.496465 0.181903 0.228306 0.622214 0.360769 1.2388 0
R 15.8743 13.6567 -4.31337 -0.137884 16.2232 13.2228 15.7217 13.9511 -4.8116 0.418941 0.182011 0.228355 0.621484 0.361382 1.33614 0
R 15.4335 13.7064 -4.37154 -0.202985 15.6433 14.169 15.2404 13.9895 -4.81218 0.347902 0.182731 0.228696 0.62093 0.362286 2.12417 0
R 15.1922 13.5371 -4.1574 -0.507134 16.1471 13.3014 14.7591 14.021 -4.81178 0.283394 0.18448 0.229691 0.620681 0.364091 5.16972 0
R 14.6448 13.5974 -4.30179 -0.498551 14.0834 13.8593 14.2778 14.0464 -4.81067 0.22545 0.187379 0.231233 0.620541 0.366465 1.6877 0
R 13.9529 13.7532 -4.53461 -0.271463 12.7125 13.9172 13.7967 14.0663 -4.8091 0.174094 0.189149 0.232133 0.619815 0.367634 9.49969 0
R 13.4394 13.7851 -4.56861 -0.212653 13.1756 13.7467 13.3158 14.0815 -4.80729 0.129345 0.189697 0.232502 0.61876 0.367704 0.819633 0
R 13.0031 13.7412 -4.50478 -0.251885 13.012 13.4479 12.8351 14.0925 -4.80542 0.0912136 0.190174 0.23297 0.617736 0.367568 0.840535 0
R 12.5406 13.7883 -4.48827 -0.154096 12.6389 13.9709 12.3546 14.1 -4.80366 0.0597074 0.190863 0.233472 0.61679 0.367242 0.945252 0
R 11.9383 13.9677 -4.66416 0.113195 11.5246 14.5844 11.8743 14.1046 -4.80214 0.0348309 0.191462 0.233509 0.615732 0.366624 2.89346 0
R 11.3954 14.1263 -4.76444 0.319308 11.3723 14.7565 11.3941 14.1072 -4.80098 0.0165867 0.191563 0.233122 0.61452 0.366157 2.92716 0
R 11.0153 14.0429 -4.68844 -0.0052238 11.244 14.1065 10.914 14.1082 -4.80025 0.00497615 0.191537 0.232672 0.613305 0.365683 2.35791 0
