L 0.218966 0.686146 0.540302 0.841471 0.218966 0.686146 0.119984 0.600207 -4.80057 0.00497648 0.264003 0.428623 5.07776 0.591492 0 0
L -0.236799 0.577769 0.319892 0.682521 -0.306645 0.557228 -0.360093 0.601244 -4.80155 0.0165887 0.259579 0.306312 5.15572 0.677239 0 1.89822
L -0.587156 0.522391 0.013488 -0.057537 -0.920801 0.498185 -0.840279 0.603774 -4.80296 0.0348368 0.278578 0.252498 5.0951 0.615851 0 10.5596
L -0.794731 0.544616 -0.0188469 0.025575 -1.21709 0.564086 -1.32061 0.608459 -4.80472 0.0597206 0.350979 0.221801 5.02333 0.534744 0 11.8794
L -0.988823 0.646118 -0.511479 0.370588 -1.46626 0.627215 -1.80112 0.615965 -4.80673 0.0912385 0.472466 0.199747 4.93188 0.486627 0 14.206
L -1.45475 0.873464 -1.59538 -1.10775 -2.28461 0.787442 -2.28182 0.626953 -4.80884 0.129387 0.579102 0.195872 4.76111 0.574945 0 46.3303
L -2.0697 0.928404 -2.23931 2.13117 -2.7473 0.847233 -2.76273 0.642086 -4.81089 0.174159 0.634943 0.206973 4.54316 0.818576 0 36.2584
L -2.78169 0.740443 -2.57402 -3.45395 -3.30883 0.881059 -3.24381 0.662026 -4.8127 0.225545 0.648518 0.20655 4.33441 1.29066 0 24.498
L -3.31042 0.556486 -4.20782 -2.56512 -3.76347 0.400296 -3.72504 0.687432 -4.81403 0.283526 0.64096 0.197788 4.12295 1.64172 0 15.7903
L -4.05904 0.524968 -5.39039 -0.855491 -4.43196 0.438228 -4.20636 0.718963 -4.81465 0.348081 0.62634 0.195331 3.91584 1.70672 0 11.5892
L -4.67898 0.755542 -5.28413 0.962109 -4.72477 0.881914 -4.68769 0.757274 -4.81428 0.419174 0.602896 0.191661 3.73697 1.65263 0 2.73894
L -5.23166 0.766775 -5.42768 0.838406 -5.28802 0.714213 -5.1689 0.803017 -4.81263 0.496763 0.57961 0.183714 3.58136 1.58716 0 0.595315
L -5.67723 0.992095 -5.0263 1.732 -5.5629 1.05194 -5.64986 0.856837 -4.80937 0.580791 0.557988 0.178904 3.44325 1.54264 0 1.5167
L -6.07145 1.01568 -4.82308 1.3748 -5.88309 0.886 -6.1304 0.919375 -4.80415 0.671184 0.53931 0.174488 3.31826 1.50705 0 4.06405
L -6.6402 0.985839 -5.03274 0.81934 -6.75307 0.884443 -6.61028 0.991262 -4.79662 0.767854 0.523903 0.168949 3.20604 1.4609 0 2.31399
L -7.12056 1.16753 -4.95056 1.30889 -7.10876 1.23352 -7.08928 1.07312 -4.78638 0.87069 0.50865 0.164626 3.10466 1.41663 0 0.487348
L -7.59751 1.22026 -4.90972 1.15035 -7.56319 1.15044 -7.56709 1.16556 -4.77304 0.979561 0.494775 0.160212 3.01219 1.37622 0 0.552605
L -8.05851 1.25657 -4.84126 0.977421 -8.00209 1.17936 -8.04339 1.26918 -4.75615 1.09431 0.482089 0.155714 2.92746 1.33772 0 0.757783
L -8.51601 1.33105 -4.77766 0.967366 -8.47207 1.30248 -8.51779 1.38455 -4.7353 1.21475 0.470615 0.152219 2.84943 1.30298 0 0.201183
L -8.98153 1.50477 -4.72902 1.25016 -8.97275 1.58275 -8.98989 1.51223 -4.71002 1.34067 0.460244 0.149494 2.7773 1.27101 0 0.534699
L -9.493 1.54727 -4.81387 1.08875 -9.55672 1.45188 -9.45921 1.65276 -4.67987 1.47183 0.45075 0.147265 2.71045 1.24202 0 1.06962
L -10.0487 1.74825 -4.95497 1.39288 -10.1925 1.86579 -9.92526 1.80665 -4.64437 1.60795 0.441806 0.1467 2.64864 1.21579 0 2.49022
L -10.4186 1.91095 -4.64907 1.52484 -10.2047 1.92272 -10.3875 1.97438 -4.60307 1.7487 0.432413 0.145265 2.59089 1.19027 0 3.21815
L -10.869 2.02988 -4.59989 1.52129 -10.8445 1.97723 -10.8452 2.15639 -4.55549 1.89375 0.42429 0.145057 2.53637 1.16723 0 0.250925
L -11.2295 2.27636 -4.33142 1.81525 -11.0683 2.3968 -11.2979 2.35309 -4.50118 2.04269 0.416822 0.145987 2.48526 1.14584 0 2.97916
L -11.7121 2.52315 -4.38331 2.0785 -11.81 2.61859 -11.7448 2.56486 -4.43968 2.1951 0.410762 0.145444 2.43709 1.12449 0 1.31663
L -12.204 2.77044 -4.4426 2.29011 -12.3079 2.82794 -12.1851 2.79202 -4.37055 2.35051 0.404568 0.144272 2.39155 1.10382 0 0.979168
L -12.6409 3.05127 -4.35117 2.53034 -12.6407 3.12177 -12.6182 3.03483 -4.29338 2.5084 0.398174 0.142937 2.34851 1.08409 0 0.365481
L -13.0474 3.35709 -4.19636 2.77786 -13.0124 3.4261 -13.0431 3.29353 -4.20776 2.66821 0.392051 0.14145 2.3077 1.06536 0 0.446067
L -13.4175 3.61631 -4.00799 2.85373 -13.3393 3.57168 -13.459 3.56827 -4.11333 2.82935 0.386404 0.139519 2.26896 1.04746 0 0.561767
L -13.8317 3.85623 -3.9698 2.8661 -13.8581 3.77748 -13.865 3.85915 -4.00974 2.99118 0.381424 0.137785 2.23208 1.03058 0 0.509845
L -14.2323 4.16674 -3.89425 3.03282 -14.2501 4.19728 -14.2602 4.16622 -3.89669 3.15303 0.376554 0.136982 2.19693 1.01479 0 0.0876916
L -14.6349 4.53679 -3.81737 3.30516 -14.6748 4.63724 -14.6436 4.48943 -3.77392 3.31417 0.371804 0.136428 2.16341 0.999599 0 0.826788
L -14.9464 4.87035 -3.55407 3.4218 -14.8394 4.85714 -15.0143 4.82869 -3.64123 3.47388 0.367156 0.13529 2.13142 0.984869 0 0.820665
L -15.3542 5.26009 -3.54998 3.65514 -15.4595 5.33623 -15.3712 5.1838 -3.49844 3.63135 0.363092 0.13461 2.10076 0.970828 0 1.17112
L -15.7667 5.56269 -3.59656 3.61435 -15.8636 5.46187 -15.7133 5.55452 -3.34546 3.78581 0.358767 0.13333 2.07164 0.957483 0 1.45558
L -16.0363 5.92814 -3.287 3.71886 -15.899 5.91441 -16.0396 5.94048 -3.18223 3.9364 0.354125 0.133232 2.04386 0.945232 0 1.35731
L -16.3375 6.36775 -3.08604 3.9749 -16.3132 6.46809 -16.3491 6.34128 -3.00879 4.08229 0.349919 0.133709 2.01692 0.93339 0 0.777121
L -16.6706 6.75108 -3.0215 4.04539 -16.7212 6.72454 -16.6407 6.75639 -2.82522 4.22261 0.345894 0.133538 1.99111 0.921786 0 0.240963
L -17.0947 7.21347 -3.178 4.27341 -17.312 7.32125 -16.9135 7.18521 -2.63167 4.3565 0.34236 0.13413 1.96728 0.91065 0 4.12506
L -17.2904 7.69153 -2.73836 4.47855 -17.1166 7.75043 -17.1665 7.62707 -2.42838 4.4831 0.338485 0.134343 1.94476 0.899623 0 2.50608
L -17.487 8.0261 -2.44655 4.30111 -17.3617 7.8192 -17.3986 8.08118 -2.21565 4.60153 0.33457 0.134028 1.92216 0.889481 0 4.05833
L -17.7686 8.47949 -2.38615 4.44013 -17.8436 8.51915 -17.6091 8.54669 -1.99386 4.71095 0.33111 0.136207 1.90051 0.880401 0 0.507143
L -17.9093 8.98677 -1.98187 4.64769 -17.7757 9.07777 -17.797 9.02267 -1.76348 4.81052 0.327613 0.138547 1.87971 0.871188 0 1.93468
L -17.9393 9.53034 -1.35344 4.85248 -17.7006 9.64203 -17.9614 9.50807 -1.52502 4.89946 0.323973 0.140106 1.85913 0.861749 0 5.13706
L -18.0934 9.99934 -1.17897 4.88744 -18.1418 9.9702 -18.1016 10.0018 -1.27911 4.97699 0.320588 0.140523 1.83885 0.85243 0 0.234981
L -18.1006 10.4889 -0.682768 4.90641 -17.949 10.4783 -18.2169 10.5027 -1.02642 5.04239 0.317465 0.141439 1.81953 0.843527 0 1.68571
L -18.1918 10.8885 -0.53062 4.74691 -18.2427 10.7283 -18.3066 11.0095 -0.767697 5.09498 0.314807 0.143112 1.80077 0.835617 0 1.9927
L -18.2364 11.5231 -0.219788 5.12461 -18.2521 11.808 -18.3702 11.5209 -0.503751 5.13414 0.312239 0.146653 1.78256 0.827888 0 5.64547
L -18.3057 12.015 -0.102779 5.10296 -18.3979 11.9824 -18.4072 12.0356 -0.235457 5.15934 0.309658 0.147415 1.76476 0.81959 0 0.705905
L -18.3953 12.5414 -0.078091 5.15923 -18.5334 12.5747 -18.4171 12.552 0.0362564 5.17007 0.306808 0.148552 1.74741 0.81154 0 1.48999
L -18.4316 13.0892 0.0574041 5.23805 -18.4912 13.149 -18.3998 13.0688 0.310414 5.16594 0.303864 0.149478 1.73088 0.803731 0 0.511467
L -18.3523 13.6386 0.453255 5.27622 -18.2622 13.6861 -18.355 13.5845 0.585998 5.14663 0.301024 0.149943 1.71494 0.79625 0 0.767643
L -18.2845 14.151 0.724071 5.2177 -18.2698 14.1282 -18.2826 14.0974 0.861956 5.11189 0.298238 0.149913 1.69924 0.789032 0 0.0522956
L -18.1887 14.6066 0.983902 5.0341 -18.1737 14.4943 -18.1827 14.6061 1.13721 5.06157 0.29555 0.14978 1.68399 0.781927 0 0.892616
L -18.0503 15.1381 1.30717 5.04067 -18.0078 15.1957 -18.0553 15.1091 1.41067 4.99562 0.292967 0.150356 1.66914 0.774926 0 0.361978
L -17.9055 15.6223 1.55903 4.93422 -17.9036 15.5953 -17.9007 15.6046 1.68122 4.91408 0.290458 0.150455 1.65463 0.76814 0 0.0511315
L -17.7266 16.0831 1.82704 4.78369 -17.7118 16.0351 -17.7192 16.0912 1.94777 4.81708 0.288071 0.150632 1.64051 0.761521 0 0.177952
L -17.4419 16.549 2.29513 4.62555 -17.3057 16.5441 -17.5113 16.5674 2.20923 4.70486 0.285864 0.151089 1.62673 0.755078 0 1.37295
L -17.2567 17.0343 2.41997 4.58356 -17.3409 17.0829 -17.2776 17.0316 2.46452 4.57774 0.283507 0.151582 1.61313 0.748761 0 0.698692
L -17.0238 17.5639 2.61822 4.63851 -17.0467 17.6995 -17.0187 17.4824 2.71259 4.43613 0.281336 0.151882 1.59995 0.742855 0 1.33636
L -16.7731 17.9992 2.788 4.46389 -16.8092 17.9605 -16.7354 17.9184 2.95245 4.28054 0.279377 0.151338 1.58718 0.737448 0 0.195694
L -16.4091 18.2887 3.158 3.94343 -16.3146 18.044 -16.4285 18.3381 3.18313 4.11157 0.277664 0.150649 1.57474 0.732109 0 4.99315
L -16.0799 18.6913 3.39252 3.79475 -16.0729 18.7231 -16.0991 18.7403 3.40374 3.9299 0.275779 0.151191 1.56243 0.726499 0 0.0741629
L -15.7289 19.1421 3.62363 3.78542 -15.7147 19.2819 -15.7481 19.1237 3.61342 3.73626 0.273987 0.15154 1.5504 0.72091 0 1.38866
L -15.3827 19.5513 3.76565 3.69437 -15.4174 19.6167 -15.3767 19.4872 3.8114 3.53148 0.272278 0.151181 1.53864 0.715688 0 0.403653
L -14.9688 19.9448 4.02341 3.56612 -14.9167 20.0068 -14.9862 19.8297 3.99699 3.31643 0.270788 0.150678 1.52716 0.711035 0 0.45377
L -14.6372 20.224 4.00581 3.23216 -14.7756 20.1032 -14.5777 20.1503 4.16958 3.09206 0.269304 0.149756 1.51596 0.706567 0 2.3402
L -14.167 20.5199 4.30929 2.95596 -14.0673 20.5034 -14.1526 20.448 4.32862 2.85933 0.268335 0.148941 1.50508 0.701813 0 0.742935
L -13.7707 20.7961 4.365 2.72162 -13.8405 20.7784 -13.7123 20.722 4.47367 2.61927 0.267183 0.148117 1.49434 0.697075 0 0.364525
L -13.2838 21.0219 4.5989 2.38219 -13.2142 20.9737 -13.2582 20.9717 4.6044 2.37291 0.266371 0.1472 1.48386 0.692406 0 0.528577
L -12.7808 21.2819 4.81924 2.18821 -12.7118 21.3432 -12.7917 21.1965 4.72053 2.12131 0.265384 0.146449 1.47355 0.687695 0 0.590377
L -12.2484 21.5031 5.0413 1.93485 -12.1679 21.5349 -12.3143 21.3959 4.8219 1.86555 0.264282 0.14572 1.46354 0.683182 0 0.519471
L -11.8294 21.7164 4.94348 1.77751 -11.9786 21.7567 -11.8276 21.5696 4.90844 1.60668 0.262891 0.145241 1.45369 0.678891 0 1.7139
L -11.2621 21.7542 5.15538 1.16561 -11.1569 21.5707 -11.3329 21.7173 4.98017 1.34579 0.261982 0.144413 1.44404 0.674958 0 3.34811
L -10.7702 21.7726 5.12988 0.657795 -10.8239 21.6462 -10.8317 21.8388 5.03719 1.08391 0.260706 0.143578 1.43457 0.671405 0 1.36073
L -10.2376 21.8497 5.21438 0.383483 -10.2017 21.894 -10.3256 21.9341 5.07971 0.822051 0.259561 0.143116 1.42528 0.66839 0 0.230359
L -9.73669 21.9121 5.19719 0.163137 -9.77038 21.9721 -9.81592 22.0033 5.10799 0.561215 0.258314 0.142719 1.41616 0.665313 0 0.349288
L -9.28844 22.0148 5.06738 0.127857 -9.41029 22.1647 -9.3041 22.0465 5.1224 0.302344 0.257061 0.142136 1.40719 0.661579 0 2.72154
L -8.73785 22.0511 5.17491 -0.0626384 -8.65675 22.1083 -8.79151 22.0639 5.12336 0.046341 0.256191 0.141291 1.39838 0.657497 0 0.694167
L -8.18119 22.0709 5.26387 -0.237539 -8.108 22.1304 -8.27947 22.0559 5.11137 -0.205944 0.255219 0.140424 1.38978 0.653432 0 0.632203
L -7.69396 22.0727 5.17144 -0.389477 -7.76 22.1292 -7.76924 22.0229 5.08697 -0.453715 0.254022 0.139637 1.38136 0.649496 0 0.541319
L -7.21262 22.0118 5.0707 -0.650054 -7.2723 21.9974 -7.26204 21.9653 5.05078 -0.696241 0.252897 0.138964 1.37303 0.645743 0 0.26295
L -6.79922 21.8898 4.81963 -0.980144 -6.96025 21.824 -6.75902 21.8838 5.00346 -0.932849 0.251893 0.138288 1.36491 0.642025 0 2.12657
L -6.3989 21.777 4.59047 -1.20901 -6.53769 21.7748 -6.26126 21.7789 4.94569 -1.16294 0.251613 0.137539 1.35719 0.638268 0 1.33692
L -5.91438 21.6659 4.59495 -1.40126 -5.86181 21.6984 -5.76976 21.6513 4.87822 -1.38597 0.252097 0.136815 1.34967 0.634568 0 0.270319
L -5.38085 21.5453 4.70495 -1.5683 -5.2419 21.5904 -5.28546 21.5018 4.80178 -1.60148 0.252465 0.136225 1.34204 0.630955 0 1.49639
L -4.90281 21.4338 4.67117 -1.64722 -4.88396 21.5199 -4.80922 21.3312 4.71717 -1.80906 0.252389 0.136003 1.33441 0.627565 0 0.569735
L -4.35218 21.4268 4.82613 -1.41911 -4.20854 21.6781 -4.34181 21.1401 4.62517 -2.0084 0.252172 0.137715 1.32697 0.6259 0 6.15729
L -3.96916 21.1286 4.52593 -1.93994 -4.1265 20.9097 -3.88395 20.9296 4.52656 -2.19922 0.251488 0.140774 1.31971 0.624807 0 5.35345
L -3.46814 20.7731 4.49121 -2.52348 -3.36091 20.5346 -3.43624 20.7004 4.42216 -2.38133 0.251169 0.141989 1.31246 0.622 0 4.91115
L -2.96347 20.5176 4.50691 -2.73868 -2.85438 20.5218 -2.99923 20.4534 4.31275 -2.5546 0.250503 0.142017 1.30541 0.618772 0 0.83707
L -2.56014 20.2093 4.26616 -3.00718 -2.62511 20.1777 -2.57339 20.1895 4.1991 -2.71895 0.249498 0.141973 1.29852 0.615843 0 0.380471
L -2.14578 19.8077 4.04759 -3.44527 -2.13855 19.6683 -2.1591 19.9097 4.082 -2.87437 0.248578 0.14188 1.29163 0.614162 0 1.4281
L -1.71254 19.4892 3.96249 -3.5821 -1.65223 19.5396 -1.75666 19.6147 3.96217 -3.02089 0.247668 0.14146 1.28481 0.613335 0 0.460911
L -1.33316 19.2087 3.79504 -3.57118 -1.35851 19.3467 -1.36632 19.3055 3.84036 -3.15861 0.246633 0.140908 1.27811 0.611886 0 1.41627
L -1.00805 18.8614 3.51991 -3.70238 -1.08512 18.8972 -0.988236 18.9829 3.71725 -3.28766 0.245622 0.140524 1.27159 0.609961 0 0.503178
L -0.655531 18.606 3.40035 -3.58332 -0.656428 18.8029 -0.622508 18.6479 3.59351 -3.40821 0.244812 0.139873 1.2652 0.607494 0 2.79608
L -0.380064 18.2385 3.11104 -3.72711 -0.472563 18.2416 -0.269164 18.3013 3.46979 -3.52047 0.244162 0.139543 1.25908 0.604655 0 0.610464
L -0.0132698 17.897 3.10174 -3.78461 0.0904022 17.9513 0.0718255 17.9438 3.34669 -3.6247 0.243835 0.139119 1.25307 0.601828 0 0.998611
L 0.363653 17.5419 3.13144 -3.84151 0.484895 17.5811 0.400552 17.5762 3.22479 -3.72115 0.243281 0.138779 1.24693 0.598952 0 1.17773
L 0.626306 17.1342 2.88149 -3.99595 0.558563 17.1082 0.717162 17.1994 3.10461 -3.81013 0.24256 0.138587 1.24091 0.596174 0 0.384533
L 0.883953 16.7807 2.68722 -3.98658 0.841759 16.8684 1.02185 16.8141 2.98666 -3.89195 0.242172 0.138213 1.2351 0.593394 0 0.659815
L 1.12747 16.3448 2.48092 -4.16117 1.10394 16.291 1.31487 16.4209 2.87142 -3.96695 0.242167 0.138106 1.22956 0.590701 0 0.250221
L 1.53372 15.9315 2.72322 -4.24213 1.8035 15.923 1.59651 16.0206 2.7593 -4.03546 0.242121 0.137847 1.22391 0.588157 0 5.24016
L 1.65904 15.5245 2.25406 -4.27405 1.43418 15.5774 1.86711 15.6137 2.65071 -4.09783 0.241788 0.137553 1.21842 0.585624 0 3.81596
L 1.92977 15.116 2.22821 -4.30994 2.01311 15.1473 2.12703 15.2009 2.54602 -4.15442 0.242146 0.137263 1.21314 0.583065 0 0.582878
L 2.24033 14.6602 2.30985 -4.43399 2.39489 14.6113 2.37668 14.7827 2.44555 -4.20557 0.242203 0.137139 1.20768 0.580634 0 1.87323
L 2.56983 14.3134 2.45676 -4.26077 2.72365 14.4703 2.6165 14.3597 2.34961 -4.25165 0.241739 0.136675 1.20217 0.578131 0 3.55719
L 2.80979 13.8645 2.36432 -4.35923 2.81109 13.828 2.84695 13.9322 2.25847 -4.29298 0.240902 0.136593 1.19676 0.575515 0 0.0938689
L 2.94945 13.424 2.04601 -4.41719 2.8064 13.4294 3.06854 13.5009 2.17238 -4.32991 0.240156 0.136434 1.19142 0.572955 0 1.49243
L 3.21402 13.031 2.10102 -4.35472 3.31266 13.1104 3.28177 13.0661 2.09154 -4.36275 0.239604 0.136166 1.18611 0.570412 0 1.18131
L 3.37593 12.7283 1.92523 -4.09558 3.29401 12.964 3.48718 12.6282 2.01617 -4.39182 0.238928 0.136273 1.18087 0.568226 0 4.32843
L 3.61081 12.2673 1.94827 -4.24636 3.69076 12.1757 3.68533 12.1876 1.94641 -4.41741 0.23834 0.13742 1.17568 0.566213 0 1.02908
L 3.85731 11.8112 2.00201 -4.34823 3.95029 11.7531 3.87678 11.7446 1.88244 -4.43979 0.237573 0.138322 1.17059 0.563906 0 0.845028
L 4.04721 11.263 1.8918 -4.63754 4.04721 11.0677 4.06213 11.2996 1.82437 -4.45922 0.236664 0.139045 1.16558 0.561632 0 2.67404
L 4.20359 10.9064 1.75579 -4.42869 4.14933 11.0963 4.24196 10.8527 1.77231 -4.47593 0.235765 0.139031 1.16061 0.559345 0 2.7107
L 4.3933 10.4749 1.7222 -4.43303 4.42111 10.4937 4.41689 10.4043 1.72638 -4.49013 0.234913 0.139691 1.15568 0.556994 0 0.0830052
L 4.53051 10.016 1.56848 -4.49549 4.48366 9.99235 4.58753 9.95461 1.68663 -4.50203 0.234061 0.14047 1.15084 0.554664 0 0.202683
L 4.67533 9.62312 1.47507 -4.39607 4.65898 9.72335 4.7545 9.50385 1.65315 -4.51176 0.233317 0.141312 1.14611 0.552399 0 0.717831
L 4.74406 9.10742 1.19524 -4.58571 4.63217 8.98022 4.91844 9.05223 1.62599 -4.51949 0.232852 0.142508 1.14175 0.550182 0 2.07431
L 4.93515 8.62068 1.2694 -4.68173 5.05882 8.56623 5.07997 8.59994 1.60519 -4.52532 0.232657 0.143067 1.13758 0.548029 0 1.30474
L 5.10688 8.10834 1.29352 -4.80553 5.18715 8.02727 5.23973 8.14717 1.59078 -4.52933 0.232307 0.143373 1.1333 0.546169 0 0.914934
L 5.26909 7.64062 1.3058 -4.79766 5.32495 7.66023 5.39838 7.6941 1.58279 -4.5316 0.231906 0.143331 1.12901 0.544504 0 0.259937
L 5.37426 7.16559 1.17832 -4.80728 5.34165 7.17527 5.55654 7.24091 1.58122 -4.53215 0.231639 0.143255 1.12491 0.542861 0 0.0844687
L 5.634 6.72465 1.47119 -4.72361 5.85104 6.78356 5.71486 6.78775 1.58608 -4.53098 0.231361 0.143058 1.12075 0.541117 0 3.76153
L 5.75119 6.28288 1.37036 -4.66954 5.70661 6.33767 5.87398 6.33481 1.59737 -4.52808 0.230796 0.142899 1.11644 0.539193 0 0.350191
L 5.91291 5.86091 1.4011 -4.57806 5.95076 5.93707 6.03455 5.88226 1.61507 -4.52341 0.230368 0.142763 1.11225 0.537168 0 0.517052
L 6.04898 5.44587 1.37134 -4.49163 6.0423 5.52 6.19721 5.43028 1.63914 -4.51687 0.230005 0.142782 1.10814 0.535096 0 0.38561
L 6.23285 4.97428 1.46621 -4.54522 6.30992 4.93053 6.36258 4.97906 1.66956 -4.50838 0.229705 0.143017 1.10408 0.533041 0 0.559043
L 6.48063 4.43757 1.71194 -4.71747 6.64607 4.28476 6.53131 4.52881 1.70628 -4.49781 0.229228 0.143231 1.09995 0.531182 0 3.56886
L 6.70266 3.9267 1.85443 -4.79261 6.7837 3.85166 6.70401 4.07974 1.74923 -4.485 0.228513 0.143233 1.09579 0.529687 0 0.859546
L 6.77824 3.52252 1.60049 -4.63514 6.60478 3.66164 6.88132 3.63207 1.79834 -4.46978 0.227806 0.142918 1.09174 0.528143 0 3.5043
L 7.03817 3.19915 1.84248 -4.30711 7.17782 3.43284 7.06383 3.18607 1.85352 -4.45194 0.227268 0.142555 1.08775 0.52635 0 5.36144
L 7.2285 2.77992 1.89032 -4.26829 7.23497 2.79647 7.25216 2.742 1.91468 -4.43125 0.226545 0.142766 1.08372 0.524555 0 0.0224868
L 7.38517 2.35569 1.84833 -4.25446 7.33132 2.35955 7.44688 2.30016 1.98168 -4.40749 0.225859 0.143145 1.07976 0.522786 0 0.210714
L 7.57512 1.87152 1.88625 -4.37706 7.58602 1.76558 7.64859 1.86087 2.0544 -4.38037 0.225289 0.143591 1.07591 0.520943 0 0.790445
L 7.84119 1.28491 2.09315 -4.6954 7.97494 1.01608 7.85785 1.42449 2.13266 -4.34961 0.224726 0.143979 1.07208 0.51947 0 6.26075
L 7.93114 0.826708 1.81461 -4.67557 7.74579 0.856143 8.07519 0.991377 2.21629 -4.31491 0.224207 0.143874 1.0685 0.518506 0 2.56982
L 8.20755 0.438169 2.06232 -4.48543 8.34388 0.562841 8.30115 0.561955 2.30508 -4.27595 0.223998 0.143582 1.06511 0.5173 0 2.52704
L 8.44584 0.102665 2.1686 -4.21171 8.48104 0.291966 8.53623 0.136661 2.39881 -4.23241 0.223617 0.143185 1.06155 0.515647 0 2.63184
L 8.78526 -0.247267 2.49793 -3.99416 8.96733 -0.139408 8.78091 -0.28403 2.4972 -4.18394 0.223181 0.143083 1.05794 0.513951 0 3.29639
L 9.08936 -0.626597 2.69911 -3.88506 9.16885 -0.602737 9.03564 -0.699608 2.59998 -4.1302 0.222539 0.143382 1.05425 0.512447 0 0.502938
L 9.2736 -1.12117 2.58032 -4.09714 9.13964 -1.3033 9.30084 -1.10953 2.70683 -4.07084 0.221817 0.143826 1.05061 0.510826 0 3.69881
L 9.65426 -1.54109 2.9408 -4.05013 9.84791 -1.57675 9.57692 -1.51322 2.8174 -4.00549 0.221307 0.143776 1.04706 0.50908 0 2.77767
L 9.86556 -1.90377 2.81676 -3.92237 9.72359 -1.82788 9.86421 -1.91005 2.93131 -3.93381 0.220581 0.143634 1.0435 0.507355 0 1.82595
L 10.1716 -2.29846 2.94065 -3.87795 10.2065 -2.31135 10.163 -2.29939 3.04813 -3.85546 0.219996 0.143629 1.04001 0.505631 0 0.0982396
L 10.5031 -2.74698 3.09673 -3.96149 10.5663 -2.86039 10.4737 -2.68054 3.16742 -3.7701 0.219421 0.143631 1.03655 0.504056 0 1.17123
L 10.7452 -3.10202 3.00154 -3.83288 10.6279 -3.02971 10.7963 -3.05279 3.2887 -3.67739 0.218834 0.143348 1.03322 0.50263 0 1.3313
L 11.0851 -3.45287 3.15513 -3.70582 11.141 -3.40911 11.1311 -3.4154 3.41144 -3.57705 0.218479 0.143093 1.03008 0.501146 0 0.372952
L 11.4742 -3.8427 3.39785 -3.67553 11.5914 -3.89091 11.4783 -3.76758 3.53509 -3.46877 0.218115 0.142911 1.02685 0.499735 0 1.13167
L 11.8462 -4.21607 3.54917 -3.61351 11.8945 -4.23758 11.8378 -4.10852 3.65905 -3.35231 0.217649 0.142682 1.02355 0.498544 0 0.196258
L 12.2429 -4.5251 3.72372 -3.40221 12.298 -4.45269 12.2098 -4.43741 3.7827 -3.22744 0.217178 0.142342 1.02026 0.497354 0 0.614134
L 12.6356 -4.77232 3.8455 -3.08599 12.6495 -4.63194 12.594 -4.75339 3.90539 -3.09395 0.21667 0.141943 1.01697 0.495927 0 1.43818
L 13.0581 -5.10111 4.02468 -3.01233 13.118 -5.15028 12.9904 -5.05558 4.02643 -2.95171 0.216184 0.141712 1.01371 0.494349 0 0.416664
L 13.3918 -5.44117 3.94996 -3.01801 13.2779 -5.50545 13.3988 -5.34312 4.1451 -2.80059 0.215626 0.14148 1.01052 0.492975 0 1.25935
L 13.7569 -5.71656 3.9522 -2.87144 13.699 -5.67898 13.8189 -5.6151 4.26067 -2.64053 0.21531 0.141163 1.00755 0.491859 0 0.330759
L 14.2443 -5.98074 4.23419 -2.69484 14.392 -5.96477 14.2504 -5.87065 4.37238 -2.47154 0.21519 0.140861 1.00459 0.49078 0 1.57992
L 14.7135 -6.17465 4.40704 -2.37757 14.7763 -6.0709 14.6928 -6.10885 4.47946 -2.29364 0.21489 0.140467 1.00149 0.489568 0 1.08843
L 15.0471 -6.3363 4.22776 -2.09746 14.8509 -6.21469 15.1457 -6.32884 4.58111 -2.10694 0.214593 0.140052 0.998579 0.488135 0 3.69516
L 15.5336 -6.55003 4.44097 -1.95096 15.6399 -6.57617 15.6084 -6.52973 4.67655 -1.91162 0.214748 0.139722 0.995812 0.486646 0 0.834571
L 16.067 -6.82572 4.71775 -1.97516 16.2265 -6.97743 16.0803 -6.71069 4.76497 -1.7079 0.214775 0.139495 0.992859 0.485431 0 3.37121
L 16.5666 -7.043 4.84326 -1.87458 16.6141 -7.09003 16.5607 -6.87087 4.84558 -1.49608 0.214572 0.139405 0.989821 0.484832 0 0.312077
L 17.0475 -7.18303 4.88856 -1.61256 17.0335 -7.12355 17.0487 -7.00949 4.9176 -1.27653 0.214317 0.139418 0.986803 0.484456 0 0.271874
L 17.5662 -7.20087 4.98048 -1.08401 17.6002 -7.00217 17.5434 -7.1258 4.98026 -1.04968 0.214106 0.139195 0.983814 0.48362 0 3.03448
L 18.0686 -7.23295 5.01149 -0.696792 18.068 -7.13549 18.044 -7.21909 5.03282 -0.816029 0.213827 0.138784 0.980848 0.482276 0 0.703532
L 18.5584 -7.28248 5.01116 -0.438317 18.5372 -7.26977 18.5492 -7.28872 5.07456 -0.57616 0.21355 0.138374 0.977916 0.480889 0 0.042601
L 19.013 -7.30672 4.92191 -0.192858 18.9302 -7.29311 19.0581 -7.33408 5.10481 -0.330708 0.213346 0.137981 0.975062 0.479515 0 0.487811
L 19.6786 -7.2754 5.29714 0.21542 19.9881 -7.22324 19.5694 -7.35466 5.12294 -0.0803797 0.213423 0.137658 0.972276 0.478366 0 6.86508
L 20.2466 -7.24557 5.36957 0.493693 20.3189 -7.25458 20.0818 -7.35 5.12836 0.17406 0.213131 0.137438 0.969544 0.47736 0 0.367939
L 20.6494 -7.25236 5.0674 0.552836 20.4141 -7.35358 20.5942 -7.31974 5.12056 0.431784 0.212586 0.137175 0.966799 0.476119 0 4.60533
L 21.1622 -7.14064 5.0403 0.910176 21.1782 -7.07525 21.1051 -7.26358 5.09906 0.691914 0.212265 0.136955 0.963992 0.474879 0 0.336824
L 21.6308 -7.22577 4.96054 0.683628 21.5691 -7.50657 21.6132 -7.18134 5.06349 0.953522 0.211918 0.136656 0.961221 0.47375 0 6.11537
L 22.2518 -7.02656 5.18363 1.20888 22.4821 -6.84052 22.117 -7.07291 5.01352 1.21564 0.211807 0.136382 0.958508 0.472876 0 6.20326
L 22.6303 -6.84802 4.80383 1.52997 22.3914 -6.78652 22.6151 -6.93829 4.94893 1.47726 0.211292 0.13608 0.955857 0.471589 0 4.27213
L 23.0915 -6.81877 4.73161 1.43078 23.0586 -7.02348 23.106 -6.77759 4.86956 1.73734 0.211052 0.135713 0.953183 0.470549 0 3.16257
L 23.5596 -6.66671 4.66587 1.62604 23.5581 -6.66759 23.5883 -6.59099 4.77535 1.99484 0.210903 0.135568 0.950517 0.470198 0 0.000214835
L 23.9711 -6.46678 4.472 1.88004 23.8837 -6.42686 24.0604 -6.37883 4.66633 2.24867 0.210835 0.135598 0.947904 0.470018 0 0.656121
L 24.4845 -6.21534 4.5243 2.22396 24.6144 -6.12588 24.5209 -6.14151 4.54262 2.49779 0.210938 0.135702 0.94528 0.469653 0 1.7334
L 24.9397 -5.97942 4.43579 2.44154 24.9561 -5.97289 24.9683 -5.87956 4.40444 2.7411 0.210809 0.135844 0.942655 0.469078 0 0.0214928
L 25.4253 -5.70145 4.41907 2.71176 25.5127 -5.65871 25.4011 -5.5936 4.25209 2.97757 0.210629 0.136171 0.940105 0.468506 0 0.65635
L 25.7249 -5.25977 3.88691 3.28016 25.5133 -5.02906 25.8181 -5.28439 4.08598 3.20616 0.210334 0.136483 0.937667 0.46766 0 7.27499
L 26.1322 -5.01439 3.80544 3.28732 26.1696 -5.15715 26.2178 -4.95274 3.90659 3.42588 0.210373 0.13634 0.935135 0.466441 0 1.60861
L 26.5441 -4.58067 3.66768 3.72749 26.6275 -4.42212 26.5989 -4.5996 3.7145 3.63578 0.210322 0.136526 0.932593 0.465371 0 2.25344
L 26.851 -4.26421 3.37128 3.76274 26.7603 -4.37714 26.9602 -4.226 3.51038 3.83494 0.210194 0.136442 0.930102 0.464127 0 1.45666
L 27.3226 -3.87513 3.50526 3.97065 27.5646 -3.84582 27.3006 -3.83304 3.29495 4.02252 0.21014 0.136624 0.927664 0.462967 0 4.21606
L 27.7159 -3.48385 3.4422 4.10704 27.8006 -3.49682 27.6188 -3.42193 3.06903 4.19774 0.209763 0.136886 0.925531 0.461809 0 0.535712
L 27.9664 -3.00343 3.01188 4.40622 27.8439 -2.91563 27.914 -2.99393 2.83351 4.35989 0.20924 0.137251 0.923458 0.460672 0 1.70786
L 28.1672 -2.51774 2.53685 4.63106 28.0346 -2.4696 28.1853 -2.55039 2.5893 4.50833 0.208735 0.137405 0.921144 0.459497 0 1.48419
L 28.4844 -2.10509 2.48136 4.65545 28.5977 -2.18783 28.4317 -2.0927 2.3374 4.64252 0.208334 0.137408 0.918754 0.458295 0 1.47524
L 28.7625 -1.65686 2.34891 4.73229 28.8261 -1.68876 28.6526 -1.62231 2.07883 4.76199 0.207887 0.137636 0.916556 0.457103 0 0.378407
L 28.9782 -1.12672 2.07068 4.96278 28.9751 -1.03856 28.8473 -1.14071 1.81465 4.86639 0.207454 0.137989 0.914489 0.455958 0 0.551823
L 29.1107 -0.62634 1.65636 5.05189 29.0173 -0.634573 29.0154 -0.649428 1.54595 4.95543 0.206984 0.138136 0.91235 0.454809 0 0.645134
L 29.1968 -0.204873 1.25416 4.92361 29.0872 -0.363706 29.1564 -0.150004 1.27382 5.02893 0.206463 0.138283 0.910082 0.453676 0 2.58606
L 29.2976 0.331723 0.927615 5.0777 29.2861 0.404402 29.2701 0.356002 0.999371 5.08681 0.20594 0.138807 0.907772 0.452564 0 0.381628
L 29.4461 0.753701 0.840071 4.94619 29.5469 0.605555 29.3563 0.867027 0.723698 5.12908 0.205466 0.139287 0.905478 0.451506 0 2.31769
L 29.5427 1.31291 0.623029 5.13111 29.5867 1.42748 29.4149 1.38152 0.447888 5.15584 0.205066 0.140222 0.903311 0.450471 0 1.04427
L 29.5262 1.84054 0.183168 5.17055 29.4282 1.86217 29.4459 1.89792 0.173006 5.1673 0.20466 0.140857 0.901165 0.449335 0 0.746321
L 29.4905 2.45495 -0.251641 5.37522 29.4355 2.62855 29.4496 2.41474 -0.0999139 5.16374 0.20419 0.141406 0.89896 0.44833 0 2.32882
L 29.568 3.06471 -0.274589 5.55364 29.7424 3.20057 29.426 2.93047 -0.369875 5.14552 0.203818 0.141632 0.896723 0.447806 0 3.54105
L 29.5436 3.53014 -0.49332 5.34188 29.5679 3.37337 29.3757 3.44367 -0.635928 5.11309 0.203646 0.141477 0.89459 0.447334 0 1.74856
L 29.3752 3.93418 -0.992662 4.99146 29.2254 3.70749 29.299 3.95295 -0.897172 5.06698 0.203428 0.141379 0.89249 0.446414 0 5.26968
L 29.1748 4.38065 -1.47269 4.77982 29.0468 4.29607 29.1964 4.45697 -1.15277 5.00776 0.203023 0.141723 0.890432 0.445463 0 1.72311
L 29.0003 4.91405 -1.82772 4.80587 28.9789 5.02462 29.0686 4.95444 -1.40194 4.93609 0.202562 0.142308 0.888549 0.44452 0 0.877555
L 28.9637 5.38679 -1.72673 4.74451 29.2109 5.37581 28.9162 5.44416 -1.64397 4.85267 0.202081 0.142691 0.886516 0.443489 0 4.48836
L 28.7773 5.8917 -1.98838 4.72654 28.7725 5.9562 28.7399 5.92498 -1.87822 4.75823 0.201705 0.143113 0.88438 0.442425 0 0.290515
L 28.5608 6.3558 -2.25038 4.60764 28.5522 6.35276 28.5407 6.39585 -2.10412 4.65358 0.201327 0.143396 0.88227 0.441362 0 0.00615833
L 28.3809 6.77311 -2.34627 4.42061 28.4717 6.70428 28.3192 6.85578 -2.32119 4.53952 0.200964 0.143726 0.88015 0.440338 0 0.916704
L 28.1366 7.35244 -2.57826 4.62631 28.123 7.60344 28.0765 7.30386 -2.529 4.41689 0.200698 0.144192 0.878053 0.439412 0 4.41882
L 27.8826 7.79367 -2.75613 4.47298 27.9059 7.76757 27.8135 7.73929 -2.72722 4.28656 0.200461 0.144114 0.875965 0.438663 0 0.0852473
L 27.5424 8.22162 -3.0985 4.28814 27.46 8.20897 27.5312 8.16134 -2.91558 4.14938 0.200242 0.144008 0.873938 0.437849 0 0.516855
L 27.2513 8.58039 -3.23014 3.99951 27.3044 8.47237 27.2305 8.56936 -3.09388 4.00622 0.199921 0.143843 0.871911 0.436934 0 1.00523
L 26.7894 9.08482 -3.76417 4.02987 26.5692 9.29585 26.9125 8.9628 -3.262 3.85794 0.199726 0.143914 0.870206 0.435998 0 6.46901
L 26.3841 9.37282 -4.00197 3.56436 26.3716 9.20367 26.5781 9.34119 -3.4199 3.70541 0.19949 0.143624 0.868865 0.435197 0 2.07056
L 26.0457 9.78804 -4.04144 3.53554 26.1471 9.89295 26.2285 9.70414 -3.56759 3.54945 0.199223 0.143533 0.867488 0.434195 0 1.59949
L 25.7197 10.053 -4.00502 3.17549 25.8724 9.91294 25.8646 10.0514 -3.70515 3.39089 0.198884 0.143269 0.865816 0.433324 0 2.97466
L 25.354 10.2671 -4.0487 2.76588 25.4369 10.1104 25.4875 10.3826 -3.8327 3.2305 0.198539 0.143267 0.863955 0.432948 0 2.19474
L 24.9276 10.5851 -4.23738 2.66178 24.8955 10.6742 25.098 10.6978 -3.95044 3.06906 0.198272 0.143646 0.862113 0.432785 0 0.630337
L 24.5377 10.8594 -4.28157 2.50109 24.6024 10.8869 24.6973 10.9967 -4.05861 2.90729 0.19797 0.144022 0.860279 0.432513 0 0.357862
L 24.1824 11.1868 -4.2261 2.52492 24.3047 11.321 24.2862 11.2795 -4.15749 2.74589 0.197593 0.144384 0.858367 0.431936 0 2.41671
L 23.7607 11.3478 -4.30938 2.14938 23.7789 11.2152 23.8657 11.5462 -4.24739 2.58551 0.197272 0.144773 0.856429 0.431508 0 1.28359
L 23.335 11.6309 -4.39086 2.14151 23.3423 11.7567 23.4366 11.797 -4.32868 2.42676 0.196954 0.145485 0.854503 0.43108 0 1.14835
L 22.8731 11.9054 -4.52262 2.12511 22.8321 12.0192 22.9998 12.0319 -4.40174 2.27022 0.19668 0.145909 0.852605 0.430279 0 1.03959
L 22.4361 12.1244 -4.55907 1.99557 22.4654 12.1469 22.5561 12.2513 -4.46699 2.11642 0.196373 0.14614 0.850721 0.429367 0 0.0998909
L 21.9088 12.337 -4.78725 1.86095 21.7874 12.3787 22.1062 12.4555 -4.52484 1.96586 0.196219 0.146328 0.848924 0.428446 0 1.14406
L 21.4599 12.5165 -4.78043 1.69866 21.515 12.5172 21.6509 12.6448 -4.57575 1.81899 0.195995 0.146478 0.847171 0.427537 0 0.213826
L 21.0934 12.8702 -4.56834 2.02675 21.2694 13.1512 21.1909 12.8197 -4.62018 1.6762 0.195625 0.14653 0.84535 0.426917 0 8.18136
L 20.7117 13.0184 -4.44393 1.81266 20.8491 12.9353 20.7267 12.9804 -4.65858 1.53789 0.195297 0.146226 0.84356 0.426629 0 1.79316
L 20.2584 13.2091 -4.5019 1.74471 20.2433 13.2333 20.2589 13.1276 -4.69142 1.40437 0.195138 0.145967 0.841833 0.426293 0 0.057404
L 19.8337 13.2578 -4.47335 1.35907 19.89 13.0662 19.7882 13.2616 -4.71918 1.27594 0.195031 0.145651 0.840133 0.425802 0 2.86309
L 19.2411 13.3962 -4.83589 1.20869 18.9873 13.4215 19.3149 13.3831 -4.7423 1.15287 0.19508 0.145369 0.838409 0.424941 0 4.53088
L 18.766 13.44 -4.83933 0.883532 18.7874 13.332 18.8395 13.4925 -4.76124 1.03538 0.194838 0.145089 0.836617 0.424117 0 0.879684
L 18.3636 13.6228 -4.69754 0.989553 18.5012 13.776 18.3624 13.5904 -4.77644 0.923668 0.194569 0.144864 0.834834 0.42324 0 3.08795
L 17.912 13.728 -4.68313 0.893551 17.9436 13.7469 17.8839 13.6775 -4.78834 0.817907 0.194475 0.144574 0.833072 0.422385 0 0.0970119
L 17.3921 13.7774 -4.81712 0.673479 17.3027 13.7285 17.4044 13.7543 -4.79734 0.718238 0.194454 0.144271 0.831314 0.421531 0 0.738938
L 16.924 13.8834 -4.80959 0.648875 16.9456 13.9531 16.9242 13.8214 -4.80385 0.624784 0.194324 0.143994 0.829551 0.420638 0 0.391892
L 16.5061 13.8752 -4.67712 0.368817 16.6201 13.7709 16.4434 13.8795 -4.80823 0.537642 0.194248 0.143698 0.827821 0.419833 0 1.6872
L 16.0717 13.8841 -4.60986 0.184198 16.1305 13.8507 15.9623 13.9292 -4.81085 0.456895 0.194402 0.143417 0.826154 0.419178 0 0.319468
L 15.5633 13.9278 -4.72605 0.109896 15.4765 13.9799 15.481 13.9712 -4.81203 0.382607 0.194691 0.143163 0.824485 0.418623 0 0.717283
L 15.1371 13.9964 -4.63366 0.136988 15.2167 14.0962 14.9997 14.006 -4.81208 0.314829 0.194944 0.142893 0.822815 0.41797 0 1.17151
L 14.5836 13.9913 -4.83683 -0.023226 14.4216 13.9722 14.5184 14.0344 -4.8113 0.2536 0.195322 0.142614 0.821147 0.417346 0 1.84926
L 13.9905 14.0064 -5.08314 -0.101678 13.7936 14.0438 14.0373 14.057 -4.80993 0.198947 0.195424 0.14236 0.819544 0.41686 0 2.79349
L 13.5028 14.0186 -5.0397 -0.14957 13.5367 14.0609 13.5563 14.0745 -4.80821 0.150893 0.195235 0.142115 0.818017 0.416413 0 0.213122
L 13.0436 13.9759 -4.93588 -0.31678 13.1207 13.9437 13.0755 14.0874 -4.80635 0.109452 0.195024 0.141942 0.816428 0.416198 0 0.490598
L 12.587 13.9426 -4.84876 -0.421511 12.65 13.9493 12.5949 14.0966 -4.80452 0.074632 0.194853 0.14192 0.814784 0.41636 0 0.27876
L 12.1856 14.0471 -4.66346 -0.16263 12.3331 14.277 12.1144 14.1026 -4.80286 0.0464402 0.194765 0.141831 0.813153 0.416186 0 5.40803
L 11.6414 13.9768 -4.83458 -0.356783 11.5002 13.8978 11.6342 14.1061 -4.80151 0.0248797 0.194875 0.141687 0.811531 0.415792 0 1.83763
L 11.1106 14.0433 -4.93821 -0.171434 11.0254 14.2062 11.1541 14.1078 -4.80056 0.00995216 0.194808 0.141552 0.809918 0.415371 0 2.45658
L 10.564 14.038 -5.0562 -0.183799 10.468 14.0591 10.674 14.1084 -4.80006 0.00165874 0.194679 0.141332 0.808395 0.414695 0 0.673581
